 2.50000000e+01  3.20000000e-08  2.50000000e+01  9.00000000e-01  2.50000000e+01  0.00000000e+00  2.50000000e+01  0.00000000e+00  2.50000000e+01  7.94873967e-02 
 2.50000000e+01  3.20000000e-08  2.50000000e+01  9.00000000e-01  2.50000000e+01  0.00000000e+00  2.50000000e+01  9.00000000e-01  2.50000000e+01  7.32618042e-01 
 2.50000000e+01  3.20000000e-08  2.50000000e+01  9.00000000e-01  2.50000000e+01  9.00000000e-01  2.50000000e+01  0.00000000e+00  2.50000000e+01  5.77337712e-05 
 2.50000000e+01  3.20000000e-08  2.50000000e+01  9.00000000e-01  2.50000000e+01  9.00000000e-01  2.50000000e+01  9.00000000e-01  2.50000000e+01  2.23938895e-01 
 2.50000000e+01  6.40000000e-08  2.50000000e+01  9.00000000e-01  2.50000000e+01  0.00000000e+00  2.50000000e+01  0.00000000e+00  2.50000000e+01  7.94891869e-02 
 2.50000000e+01  6.40000000e-08  2.50000000e+01  9.00000000e-01  2.50000000e+01  0.00000000e+00  2.50000000e+01  9.00000000e-01  2.50000000e+01  7.32627706e-01 
 2.50000000e+01  6.40000000e-08  2.50000000e+01  9.00000000e-01  2.50000000e+01  9.00000000e-01  2.50000000e+01  0.00000000e+00  2.50000000e+01  6.28565982e-05 
 2.50000000e+01  6.40000000e-08  2.50000000e+01  9.00000000e-01  2.50000000e+01  9.00000000e-01  2.50000000e+01  9.00000000e-01  2.50000000e+01  2.26997946e-01 
 2.50000000e+01  9.60000000e-08  2.50000000e+01  9.00000000e-01  2.50000000e+01  0.00000000e+00  2.50000000e+01  0.00000000e+00  2.50000000e+01  7.94896655e-02 
 2.50000000e+01  9.60000000e-08  2.50000000e+01  9.00000000e-01  2.50000000e+01  0.00000000e+00  2.50000000e+01  9.00000000e-01  2.50000000e+01  7.32630802e-01 
 2.50000000e+01  9.60000000e-08  2.50000000e+01  9.00000000e-01  2.50000000e+01  9.00000000e-01  2.50000000e+01  0.00000000e+00  2.50000000e+01  6.45647175e-05 
 2.50000000e+01  9.60000000e-08  2.50000000e+01  9.00000000e-01  2.50000000e+01  9.00000000e-01  2.50000000e+01  9.00000000e-01  2.50000000e+01  2.27962943e-01 
 2.50000000e+01  1.28000000e-07  2.50000000e+01  9.00000000e-01  2.50000000e+01  0.00000000e+00  2.50000000e+01  0.00000000e+00  2.50000000e+01  7.94898868e-02 
 2.50000000e+01  1.28000000e-07  2.50000000e+01  9.00000000e-01  2.50000000e+01  0.00000000e+00  2.50000000e+01  9.00000000e-01  2.50000000e+01  7.32632327e-01 
 2.50000000e+01  1.28000000e-07  2.50000000e+01  9.00000000e-01  2.50000000e+01  9.00000000e-01  2.50000000e+01  0.00000000e+00  2.50000000e+01  6.54188699e-05 
 2.50000000e+01  1.28000000e-07  2.50000000e+01  9.00000000e-01  2.50000000e+01  9.00000000e-01  2.50000000e+01  9.00000000e-01  2.50000000e+01  2.28435851e-01 
 2.50000000e+01  1.92000000e-07  2.50000000e+01  9.00000000e-01  2.50000000e+01  0.00000000e+00  2.50000000e+01  0.00000000e+00  2.50000000e+01  7.94901025e-02 
 2.50000000e+01  1.92000000e-07  2.50000000e+01  9.00000000e-01  2.50000000e+01  0.00000000e+00  2.50000000e+01  9.00000000e-01  2.50000000e+01  7.32633836e-01 
 2.50000000e+01  1.92000000e-07  2.50000000e+01  9.00000000e-01  2.50000000e+01  9.00000000e-01  2.50000000e+01  0.00000000e+00  2.50000000e+01  6.62730874e-05 
 2.50000000e+01  1.92000000e-07  2.50000000e+01  9.00000000e-01  2.50000000e+01  9.00000000e-01  2.50000000e+01  9.00000000e-01  2.50000000e+01  2.28902546e-01 
 2.50000000e+01  2.56000000e-07  2.50000000e+01  9.00000000e-01  2.50000000e+01  0.00000000e+00  2.50000000e+01  0.00000000e+00  2.50000000e+01  7.94902160e-02 
 2.50000000e+01  2.56000000e-07  2.50000000e+01  9.00000000e-01  2.50000000e+01  0.00000000e+00  2.50000000e+01  9.00000000e-01  2.50000000e+01  7.32634582e-01 
 2.50000000e+01  2.56000000e-07  2.50000000e+01  9.00000000e-01  2.50000000e+01  9.00000000e-01  2.50000000e+01  0.00000000e+00  2.50000000e+01  6.67002282e-05 
 2.50000000e+01  2.56000000e-07  2.50000000e+01  9.00000000e-01  2.50000000e+01  9.00000000e-01  2.50000000e+01  9.00000000e-01  2.50000000e+01  2.29133605e-01 
