Width step     V(drain) V(gate) V(source) V(body) I(Vd)            I(Vg)            I(Vs)            I(Vb)            
1w     0.01     0.01     0.0     0.0     0.0     -7.54346e-11     1.156884e-12     7.427768e-11     -3.30648e-20     
1w     0.02     0.02     0.0     0.0     0.0     -1.35859e-10     2.486102e-12     1.333724e-10     -2.07207e-20     
1w     0.03     0.03     0.0     0.0     0.0     -1.8263e-10      3.994768e-12     1.786356e-10     -7.13562e-21     
1w     0.04     0.04     0.0     0.0     0.0     -2.18153e-10     5.690195e-12     2.12463e-10      8.839401e-21     
1w     0.05     0.05     0.0     0.0     0.0     -2.45491e-10     7.57991e-12      2.379115e-10     2.777445e-20     
1w     0.06     0.06     0.0     0.0     0.0     -2.67571e-10     9.671653e-12     2.578992e-10     4.975819e-20     
1w     0.07     0.07     0.0     0.0     0.0     -2.86601e-10     1.197339e-11     2.746278e-10     7.464282e-20     
1w     0.08     0.08     0.0     0.0     0.0     -3.04014e-10     1.44933e-11      2.895204e-10     1.022507e-19     
1w     0.09     0.09     0.0     0.0     0.0     -3.20671e-10     1.723983e-11     3.034316e-10     1.324613e-19     
1w     0.1      0.1      0.0     0.0     0.0     -3.37088e-10     2.022162e-11     3.168662e-10     1.652217e-19     
1w     0.11     0.11     0.0     0.0     0.0     -3.53577e-10     2.344761e-11     3.301291e-10     2.00533e-19      
1w     0.12     0.12     0.0     0.0     0.0     -3.70338e-10     2.692694e-11     3.434112e-10     2.384346e-19     
1w     0.13     0.13     0.0     0.0     0.0     -3.87507e-10     3.066905e-11     3.568381e-10     2.789929e-19     
1w     0.14     0.14     0.0     0.0     0.0     -4.0518e-10      3.468362e-11     3.704968e-10     3.222942e-19     
1w     0.15     0.15     0.0     0.0     0.0     -4.23432e-10     3.898061e-11     3.84451e-10      3.684396e-19     
1w     0.16     0.16     0.0     0.0     0.0     -4.4232e-10      4.357028e-11     3.987495e-10     4.175428e-19     
1w     0.17     0.17     0.0     0.0     0.0     -4.61895e-10     4.846314e-11     4.13432e-10      4.697279e-19     
1w     0.18     0.18     0.0     0.0     0.0     -4.82202e-10     5.367001e-11     4.28532e-10      5.251288e-19     
1w     0.19     0.19     0.0     0.0     0.0     -5.03281e-10     5.920203e-11     4.440792e-10     5.83888e-19      
1w     0.2      0.2      0.0     0.0     0.0     -5.25171e-10     6.50706e-11      4.601005e-10     6.46157e-19      
1w     0.21     0.21     0.0     0.0     0.0     -5.47909e-10     7.128748e-11     4.766211e-10     7.120954e-19     
1w     0.22     0.22     0.0     0.0     0.0     -5.7153e-10      7.786474e-11     4.936652e-10     7.818713e-19     
1w     0.23     0.23     0.0     0.0     0.0     -5.96071e-10     8.481476e-11     5.112561e-10     8.556616e-19     
1w     0.24     0.24     0.0     0.0     0.0     -6.21568e-10     9.215029e-11     5.294173e-10     9.336512e-19     
1w     0.25     0.25     0.0     0.0     0.0     -6.48056e-10     9.98844e-11      5.481716e-10     1.016034e-18     
1w     0.26     0.26     0.0     0.0     0.0     -6.75573e-10     1.080305e-10     5.675424e-10     1.103013e-18     
1w     0.27     0.27     0.0     0.0     0.0     -7.04156e-10     1.166025e-10     5.87553e-10      1.194801e-18     
1w     0.28     0.28     0.0     0.0     0.0     -7.33842e-10     1.256144e-10     6.082273e-10     1.291619e-18     
1w     0.29     0.29     0.0     0.0     0.0     -7.6467e-10      1.350809e-10     6.295896e-10     1.393698e-18     
1w     0.3      0.3      0.0     0.0     0.0     -7.96681e-10     1.450169e-10     6.516644e-10     1.501281e-18     
1w     0.31     0.31     0.0     0.0     0.0     -8.29915e-10     1.554377e-10     6.744773e-10     1.614619e-18     
1w     0.32     0.32     0.0     0.0     0.0     -8.64413e-10     1.663591e-10     6.980541e-10     1.733975e-18     
1w     0.33     0.33     0.0     0.0     0.0     -9.00219e-10     1.777972e-10     7.224216e-10     1.859624e-18     
1w     0.34     0.34     0.0     0.0     0.0     -9.37376e-10     1.897687e-10     7.476072e-10     1.991851e-18     
1w     0.35     0.35     0.0     0.0     0.0     -9.7593e-10      2.022906e-10     7.73639e-10      2.130955e-18     
1w     0.36     0.36     0.0     0.0     0.0     -1.01593e-09     2.153804e-10     8.005461e-10     2.277247e-18     
1w     0.37     0.37     0.0     0.0     0.0     -1.05741e-09     2.29056e-10      8.283584e-10     2.431049e-18     
1w     0.38     0.38     0.0     0.0     0.0     -1.10044e-09     2.433358e-10     8.571067e-10     2.5927e-18       
1w     0.39     0.39     0.0     0.0     0.0     -1.14506e-09     2.582388e-10     8.868226e-10     2.76255e-18      
1w     0.4      0.4      0.0     0.0     0.0     -1.19132e-09     2.737843e-10     9.175389e-10     2.940967e-18     
1w     0.41     0.41     0.0     0.0     0.0     -1.23928e-09     2.899922e-10     9.492894e-10     3.12833e-18      
1w     0.42     0.42     0.0     0.0     0.0     -1.28899e-09     3.06883e-10      9.821087e-10     3.325037e-18     
1w     0.43     0.43     0.0     0.0     0.0     -1.34051e-09     3.244775e-10     1.016033e-09     3.531501e-18     
1w     0.44     0.44     0.0     0.0     0.0     -1.3939e-09      3.427973e-10     1.051099e-09     3.748152e-18     
1w     0.45     0.45     0.0     0.0     0.0     -1.44921e-09     3.618644e-10     1.087344e-09     3.975438e-18     
1w     0.46     0.46     0.0     0.0     0.0     -1.50651e-09     3.817014e-10     1.124809e-09     4.213826e-18     
1w     0.47     0.47     0.0     0.0     0.0     -1.56587e-09     4.023314e-10     1.163534e-09     4.4638e-18       
1w     0.48     0.48     0.0     0.0     0.0     -1.62734e-09     4.237783e-10     1.203561e-09     4.725866e-18     
1w     0.49     0.49     0.0     0.0     0.0     -1.691e-09       4.460665e-10     1.244933e-09     5.000547e-18     
1w     0.5      0.5      0.0     0.0     0.0     -1.75691e-09     4.692208e-10     1.287694e-09     5.288392e-18     
1w     0.51     0.51     0.0     0.0     0.0     -1.82516e-09     4.93267e-10      1.331891e-09     5.589968e-18     
1w     0.52     0.52     0.0     0.0     0.0     -1.8958e-09      5.182314e-10     1.37757e-09      5.905867e-18     
1w     0.53     0.53     0.0     0.0     0.0     -1.96892e-09     5.441408e-10     1.424782e-09     6.236703e-18     
1w     0.54     0.54     0.0     0.0     0.0     -2.0446e-09      5.71023e-10      1.473577e-09     6.583117e-18     
1w     0.55     0.55     0.0     0.0     0.0     -2.12291e-09     5.989061e-10     1.524006e-09     6.945773e-18     
1w     0.56     0.56     0.0     0.0     0.0     -2.20394e-09     6.278194e-10     1.576123e-09     7.325364e-18     
1w     0.57     0.57     0.0     0.0     0.0     -2.28778e-09     6.577924e-10     1.629985e-09     7.722607e-18     
1w     0.58     0.58     0.0     0.0     0.0     -2.3745e-09      6.888558e-10     1.685648e-09     8.138252e-18     
1w     0.59     0.59     0.0     0.0     0.0     -2.46421e-09     7.210408e-10     1.743171e-09     8.573073e-18     
1w     0.6      0.6      0.0     0.0     0.0     -2.55699e-09     7.543794e-10     1.802615e-09     9.02788e-18      
1w     0.61     0.61     0.0     0.0     0.0     -2.65295e-09     7.889045e-10     1.864043e-09     9.503511e-18     
1w     0.62     0.62     0.0     0.0     0.0     -2.75217e-09     8.246497e-10     1.927519e-09     1.000084e-17     
1w     0.63     0.63     0.0     0.0     0.0     -2.85476e-09     8.616496e-10     1.993112e-09     1.052077e-17     
1w     0.64     0.64     0.0     0.0     0.0     -2.96083e-09     8.999393e-10     2.060889e-09     1.106424e-17     
1w     0.65     0.65     0.0     0.0     0.0     -3.07048e-09     9.395552e-10     2.130921e-09     1.163224e-17     
1w     0.66     0.66     0.0     0.0     0.0     -3.18382e-09     9.805344e-10     2.203282e-09     1.222578e-17     
1w     0.67     0.67     0.0     0.0     0.0     -3.30096e-09     1.022915e-09     2.278048e-09     1.284591e-17     
1w     0.68     0.68     0.0     0.0     0.0     -3.42203e-09     1.066735e-09     2.355297e-09     1.349373e-17     
1w     0.69     0.69     0.0     0.0     0.0     -3.54714e-09     1.112036e-09     2.435109e-09     1.417038e-17     
1w     0.7      0.7      0.0     0.0     0.0     -3.67642e-09     1.158858e-09     2.517566e-09     1.487704e-17     
1w     0.71     0.71     0.0     0.0     0.0     -3.81e-09        1.207242e-09     2.602755e-09     1.561494e-17     
1w     0.72     0.72     0.0     0.0     0.0     -3.948e-09       1.257232e-09     2.690764e-09     1.638535e-17     
1w     0.73     0.73     0.0     0.0     0.0     -4.09056e-09     1.308872e-09     2.781683e-09     1.71896e-17      
1w     0.74     0.74     0.0     0.0     0.0     -4.23781e-09     1.362206e-09     2.875607e-09     1.802906e-17     
1w     0.75     0.75     0.0     0.0     0.0     -4.38991e-09     1.417281e-09     2.972632e-09     1.890515e-17     
1w     0.76     0.76     0.0     0.0     0.0     -4.547e-09       1.474144e-09     3.072858e-09     1.981935e-17     
1w     0.77     0.77     0.0     0.0     0.0     -4.70923e-09     1.532843e-09     3.176387e-09     2.077321e-17     
1w     0.78     0.78     0.0     0.0     0.0     -4.87675e-09     1.593427e-09     3.283326e-09     2.17683e-17      
1w     0.79     0.79     0.0     0.0     0.0     -5.04973e-09     1.655948e-09     3.393783e-09     2.280629e-17     
1w     0.8      0.8      0.0     0.0     0.0     -5.22833e-09     1.720457e-09     3.507872e-09     2.388889e-17     
1w     0.81     0.81     0.0     0.0     0.0     -5.41272e-09     1.787007e-09     3.625709e-09     2.501788e-17     
1w     0.82     0.82     0.0     0.0     0.0     -5.60307e-09     1.855653e-09     3.747412e-09     2.61951e-17      
1w     0.83     0.83     0.0     0.0     0.0     -5.79956e-09     1.92645e-09      3.873107e-09     2.742246e-17     
1w     0.84     0.84     0.0     0.0     0.0     -6.00237e-09     1.999455e-09     4.002919e-09     2.870195e-17     
1w     0.85     0.85     0.0     0.0     0.0     -6.21171e-09     2.074728e-09     4.13698e-09      3.003564e-17     
1w     0.86     0.86     0.0     0.0     0.0     -6.42775e-09     2.152326e-09     4.275425e-09     3.142564e-17     
1w     0.87     0.87     0.0     0.0     0.0     -6.65071e-09     2.232313e-09     4.418393e-09     3.287418e-17     
1w     0.88     0.88     0.0     0.0     0.0     -6.88078e-09     2.314749e-09     4.566029e-09     3.438354e-17     
1w     0.89     0.89     0.0     0.0     0.0     -7.11818e-09     2.3997e-09       4.718479e-09     3.59561e-17      
1w     0.9      0.9      0.0     0.0     0.0     -7.36313e-09     2.487231e-09     4.875897e-09     3.759434e-17     
2w     0.01     0.01     0.0     0.0     0.0     -1.85268e-10     2.839624e-12     1.824284e-10     -9.35406e-20     
2w     0.02     0.02     0.0     0.0     0.0     -3.33768e-10     6.102251e-12     3.276655e-10     -7.16794e-20     
2w     0.03     0.03     0.0     0.0     0.0     -4.48771e-10     9.805338e-12     4.389653e-10     -4.40974e-20     
2w     0.04     0.04     0.0     0.0     0.0     -5.36138e-10     1.396684e-11     5.221713e-10     -8.83203e-21     
2w     0.05     0.05     0.0     0.0     0.0     -6.03377e-10     1.860523e-11     5.847719e-10     3.493716e-20     
2w     0.06     0.06     0.0     0.0     0.0     -6.57672e-10     2.373951e-11     6.339323e-10     8.703568e-20     
2w     0.07     0.07     0.0     0.0     0.0     -7.04456e-10     2.938922e-11     6.750669e-10     1.468333e-19     
2w     0.08     0.08     0.0     0.0     0.0     -7.47254e-10     3.557447e-11     7.116793e-10     2.137111e-19     
2w     0.09     0.09     0.0     0.0     0.0     -7.8819e-10      4.231594e-11     7.458737e-10     2.872485e-19     
2w     0.1      0.1      0.0     0.0     0.0     -8.28529e-10     4.96349e-11      7.788942e-10     3.672308e-19     
2w     0.11     0.11     0.0     0.0     0.0     -8.69044e-10     5.755322e-11     8.114908e-10     4.536031e-19     
2w     0.12     0.12     0.0     0.0     0.0     -9.10227e-10     6.60934e-11      8.44134e-10      5.464235e-19     
2w     0.13     0.13     0.0     0.0     0.0     -9.52411e-10     7.527857e-11     8.771328e-10     6.458287e-19     
2w     0.14     0.14     0.0     0.0     0.0     -9.95834e-10     8.513251e-11     9.107014e-10     7.520126e-19     
2w     0.15     0.15     0.0     0.0     0.0     -1.04068e-09     9.567969e-11     9.449962e-10     8.652121e-19     
2w     0.16     0.16     0.0     0.0     0.0     -1.08708e-09     1.069452e-10     9.801374e-10     9.85698e-19      
2w     0.17     0.17     0.0     0.0     0.0     -1.13518e-09     1.18955e-10      1.016223e-09     1.11377e-18      
2w     0.18     0.18     0.0     0.0     0.0     -1.18507e-09     1.317355e-10     1.053335e-09     1.249753e-18     
2w     0.19     0.19     0.0     0.0     0.0     -1.23686e-09     1.453141e-10     1.091545e-09     1.393995e-18     
2w     0.2      0.2      0.0     0.0     0.0     -1.29064e-09     1.597187e-10     1.130922e-09     1.546866e-18     
2w     0.21     0.21     0.0     0.0     0.0     -1.3465e-09      1.749784e-10     1.171525e-09     1.708757e-18     
2w     0.22     0.22     0.0     0.0     0.0     -1.40454e-09     1.911225e-10     1.213416e-09     1.880082e-18     
2w     0.23     0.23     0.0     0.0     0.0     -1.46483e-09     2.081817e-10     1.256651e-09     2.061273e-18     
2w     0.24     0.24     0.0     0.0     0.0     -1.52747e-09     2.261871e-10     1.301287e-09     2.252786e-18     
2w     0.25     0.25     0.0     0.0     0.0     -1.59255e-09     2.451708e-10     1.347382e-09     2.455096e-18     
2w     0.26     0.26     0.0     0.0     0.0     -1.66016e-09     2.651658e-10     1.394991e-09     2.668703e-18     
2w     0.27     0.27     0.0     0.0     0.0     -1.73038e-09     2.862061e-10     1.444174e-09     2.894127e-18     
2w     0.28     0.28     0.0     0.0     0.0     -1.80331e-09     3.083263e-10     1.494988e-09     3.131914e-18     
2w     0.29     0.29     0.0     0.0     0.0     -1.87905e-09     3.315623e-10     1.547493e-09     3.382632e-18     
2w     0.3      0.3      0.0     0.0     0.0     -1.9577e-09      3.559506e-10     1.601749e-09     3.646874e-18     
2w     0.31     0.31     0.0     0.0     0.0     -2.03935e-09     3.815289e-10     1.657819e-09     3.925262e-18     
2w     0.32     0.32     0.0     0.0     0.0     -2.1241e-09      4.08336e-10      1.715768e-09     4.21844e-18      
2w     0.33     0.33     0.0     0.0     0.0     -2.21207e-09     4.364114e-10     1.775659e-09     4.527082e-18     
2w     0.34     0.34     0.0     0.0     0.0     -2.30336e-09     4.65796e-10      1.837562e-09     4.851893e-18     
2w     0.35     0.35     0.0     0.0     0.0     -2.39808e-09     4.965315e-10     1.901545e-09     5.193604e-18     
2w     0.36     0.36     0.0     0.0     0.0     -2.49634e-09     5.28661e-10      1.967679e-09     5.552979e-18     
2w     0.37     0.37     0.0     0.0     0.0     -2.59827e-09     5.622283e-10     2.036038e-09     5.930813e-18     
2w     0.38     0.38     0.0     0.0     0.0     -2.70398e-09     5.972788e-10     2.106697e-09     6.327936e-18     
2w     0.39     0.39     0.0     0.0     0.0     -2.81359e-09     6.338588e-10     2.179735e-09     6.745212e-18     
2w     0.4      0.4      0.0     0.0     0.0     -2.92725e-09     6.720159e-10     2.255232e-09     7.183538e-18     
2w     0.41     0.41     0.0     0.0     0.0     -3.04507e-09     7.11799e-10      2.333271e-09     7.643854e-18     
2w     0.42     0.42     0.0     0.0     0.0     -3.1672e-09      7.532582e-10     2.413937e-09     8.127133e-18     
2w     0.43     0.43     0.0     0.0     0.0     -3.29376e-09     7.964448e-10     2.497318e-09     8.634392e-18     
2w     0.44     0.44     0.0     0.0     0.0     -3.42492e-09     8.414115e-10     2.583506e-09     9.166687e-18     
2w     0.45     0.45     0.0     0.0     0.0     -3.56081e-09     8.882126e-10     2.672594e-09     9.725121e-18     
2w     0.46     0.46     0.0     0.0     0.0     -3.70158e-09     9.369034e-10     2.764679e-09     1.031084e-17     
2w     0.47     0.47     0.0     0.0     0.0     -3.8474e-09      9.875408e-10     2.859861e-09     1.092503e-17     
2w     0.48     0.48     0.0     0.0     0.0     -3.99843e-09     1.040183e-09     2.958242e-09     1.156894e-17     
2w     0.49     0.49     0.0     0.0     0.0     -4.15482e-09     1.09489e-09      3.059929e-09     1.224385e-17     
2w     0.5      0.5      0.0     0.0     0.0     -4.31676e-09     1.151724e-09     3.165032e-09     1.295112e-17     
2w     0.51     0.51     0.0     0.0     0.0     -4.48441e-09     1.210746e-09     3.273663e-09     1.369213e-17     
2w     0.52     0.52     0.0     0.0     0.0     -4.65796e-09     1.272022e-09     3.38594e-09      1.446835e-17     
2w     0.53     0.53     0.0     0.0     0.0     -4.8376e-09      1.335618e-09     3.501982e-09     1.528127e-17     
2w     0.54     0.54     0.0     0.0     0.0     -5.02352e-09     1.401602e-09     3.621915e-09     1.613248e-17     
2w     0.55     0.55     0.0     0.0     0.0     -5.21591e-09     1.470042e-09     3.745865e-09     1.702361e-17     
2w     0.56     0.56     0.0     0.0     0.0     -5.41498e-09     1.541011e-09     3.873965e-09     1.795636e-17     
2w     0.57     0.57     0.0     0.0     0.0     -5.62093e-09     1.614581e-09     4.006352e-09     1.893249e-17     
2w     0.58     0.58     0.0     0.0     0.0     -5.83399e-09     1.690828e-09     4.143166e-09     1.995385e-17     
2w     0.59     0.59     0.0     0.0     0.0     -6.05438e-09     1.769827e-09     4.284552e-09     2.102234e-17     
2w     0.6      0.6      0.0     0.0     0.0     -6.28232e-09     1.851659e-09     4.430661e-09     2.213995e-17     
2w     0.61     0.61     0.0     0.0     0.0     -6.51805e-09     1.936402e-09     4.581645e-09     2.330873e-17     
2w     0.62     0.62     0.0     0.0     0.0     -6.76181e-09     2.02414e-09      4.737666e-09     2.453084e-17     
2w     0.63     0.63     0.0     0.0     0.0     -7.01384e-09     2.114958e-09     4.898886e-09     2.58085e-17      
2w     0.64     0.64     0.0     0.0     0.0     -7.27442e-09     2.208942e-09     5.065476e-09     2.714403e-17     
2w     0.65     0.65     0.0     0.0     0.0     -7.54379e-09     2.306181e-09     5.23761e-09      2.853982e-17     
2w     0.66     0.66     0.0     0.0     0.0     -7.82223e-09     2.406766e-09     5.415468e-09     2.999838e-17     
2w     0.67     0.67     0.0     0.0     0.0     -8.11003e-09     2.510791e-09     5.599237e-09     3.15223e-17      
2w     0.68     0.68     0.0     0.0     0.0     -8.40746e-09     2.618351e-09     5.789107e-09     3.311428e-17     
2w     0.69     0.69     0.0     0.0     0.0     -8.71482e-09     2.729543e-09     5.985278e-09     3.477711e-17     
2w     0.7      0.7      0.0     0.0     0.0     -9.03242e-09     2.844469e-09     6.187952e-09     3.651369e-17     
2w     0.71     0.71     0.0     0.0     0.0     -9.36057e-09     2.963231e-09     6.39734e-09      3.832705e-17     
2w     0.72     0.72     0.0     0.0     0.0     -9.69959e-09     3.085934e-09     6.613658e-09     4.022032e-17     
2w     0.73     0.73     0.0     0.0     0.0     -1.00498e-08     3.212686e-09     6.83713e-09      4.219675e-17     
2w     0.74     0.74     0.0     0.0     0.0     -1.04116e-08     3.343597e-09     7.067987e-09     4.42597e-17      
2w     0.75     0.75     0.0     0.0     0.0     -1.07852e-08     3.478781e-09     7.306466e-09     4.64127e-17      
2w     0.76     0.76     0.0     0.0     0.0     -1.11712e-08     3.618353e-09     7.552813e-09     4.865936e-17     
2w     0.77     0.77     0.0     0.0     0.0     -1.15697e-08     3.762432e-09     7.807279e-09     5.100347e-17     
2w     0.78     0.78     0.0     0.0     0.0     -1.19813e-08     3.911139e-09     8.070125e-09     5.344893e-17     
2w     0.79     0.79     0.0     0.0     0.0     -1.24062e-08     4.064599e-09     8.34162e-09      5.599982e-17     
2w     0.8      0.8      0.0     0.0     0.0     -1.2845e-08      4.222939e-09     8.62204e-09      5.866034e-17     
2w     0.81     0.81     0.0     0.0     0.0     -1.3298e-08      4.38629e-09      8.911672e-09     6.143486e-17     
2w     0.82     0.82     0.0     0.0     0.0     -1.37656e-08     4.554784e-09     9.210808e-09     6.432792e-17     
2w     0.83     0.83     0.0     0.0     0.0     -1.42483e-08     4.728559e-09     9.519753e-09     6.734422e-17     
2w     0.84     0.84     0.0     0.0     0.0     -1.47466e-08     4.907754e-09     9.838818e-09     7.048864e-17     
2w     0.85     0.85     0.0     0.0     0.0     -1.52608e-08     5.092513e-09     1.016833e-08     7.376623e-17     
2w     0.86     0.86     0.0     0.0     0.0     -1.57916e-08     5.282983e-09     1.050861e-08     7.718224e-17     
2w     0.87     0.87     0.0     0.0     0.0     -1.63393e-08     5.479313e-09     1.086001e-08     8.074211e-17     
2w     0.88     0.88     0.0     0.0     0.0     -1.69045e-08     5.681657e-09     1.122288e-08     8.445146e-17     
2w     0.89     0.89     0.0     0.0     0.0     -1.74878e-08     5.890173e-09     1.159759e-08     8.831614e-17     
2w     0.9      0.9      0.0     0.0     0.0     -1.80895e-08     6.105021e-09     1.198451e-08     9.234221e-17     
3w     0.01     0.01     0.0     0.0     0.0     -2.95114e-10     4.522364e-12     2.905919e-10     -1.54017e-19     
3w     0.02     0.02     0.0     0.0     0.0     -5.3171e-10      9.7184e-12       5.219919e-10     -1.22639e-19     
3w     0.03     0.03     0.0     0.0     0.0     -7.14966e-10     1.561591e-11     6.993496e-10     -8.10599e-20     
3w     0.04     0.04     0.0     0.0     0.0     -8.54196e-10     2.224349e-11     8.319524e-10     -2.65039e-20     
3w     0.05     0.05     0.0     0.0     0.0     -9.61349e-10     2.963056e-11     9.317187e-10     4.210077e-20     
3w     0.06     0.06     0.0     0.0     0.0     -1.04787e-09     3.780737e-11     1.010061e-09     1.243168e-19     
3w     0.07     0.07     0.0     0.0     0.0     -1.12241e-09     4.680506e-11     1.075609e-09     2.190318e-19     
3w     0.08     0.08     0.0     0.0     0.0     -1.1906e-09      5.665564e-11     1.133947e-09     3.251854e-19     
3w     0.09     0.09     0.0     0.0     0.0     -1.25582e-09     6.739205e-11     1.188429e-09     4.420565e-19     
3w     0.1      0.1      0.0     0.0     0.0     -1.32009e-09     7.904817e-11     1.241039e-09     5.692689e-19     
3w     0.11     0.11     0.0     0.0     0.0     -1.38463e-09     9.165883e-11     1.292974e-09     7.067116e-19     
3w     0.12     0.12     0.0     0.0     0.0     -1.45024e-09     1.052599e-10     1.344982e-09     8.544608e-19     
3w     0.13     0.13     0.0     0.0     0.0     -1.51744e-09     1.198881e-10     1.397557e-09     1.012724e-18     
3w     0.14     0.14     0.0     0.0     0.0     -1.58662e-09     1.355814e-10     1.451039e-09     1.181803e-18     
3w     0.15     0.15     0.0     0.0     0.0     -1.65806e-09     1.523788e-10     1.505679e-09     1.362069e-18     
3w     0.16     0.16     0.0     0.0     0.0     -1.73199e-09     1.703202e-10     1.561667e-09     1.553952e-18     
3w     0.17     0.17     0.0     0.0     0.0     -1.80861e-09     1.894468e-10     1.61916e-09      1.757925e-18     
3w     0.18     0.18     0.0     0.0     0.0     -1.88809e-09     2.09801e-10      1.678288e-09     1.974506e-18     
3w     0.19     0.19     0.0     0.0     0.0     -1.97059e-09     2.314261e-10     1.739167e-09     2.204248e-18     
3w     0.2      0.2      0.0     0.0     0.0     -2.05627e-09     2.543669e-10     1.801904e-09     2.447739e-18     
3w     0.21     0.21     0.0     0.0     0.0     -2.14527e-09     2.786693e-10     1.866596e-09     2.705603e-18     
3w     0.22     0.22     0.0     0.0     0.0     -2.23772e-09     3.043803e-10     1.933338e-09     2.978497e-18     
3w     0.23     0.23     0.0     0.0     0.0     -2.33377e-09     3.315486e-10     2.002223e-09     3.267111e-18     
3w     0.24     0.24     0.0     0.0     0.0     -2.43356e-09     3.602239e-10     2.07334e-09      3.572169e-18     
3w     0.25     0.25     0.0     0.0     0.0     -2.53724e-09     3.904572e-10     2.146781e-09     3.894431e-18     
3w     0.26     0.26     0.0     0.0     0.0     -2.64494e-09     4.223012e-10     2.222636e-09     4.234691e-18     
3w     0.27     0.27     0.0     0.0     0.0     -2.75681e-09     4.558097e-10     2.300997e-09     4.593779e-18     
3w     0.28     0.28     0.0     0.0     0.0     -2.873e-09       4.910382e-10     2.381957e-09     4.972563e-18     
3w     0.29     0.29     0.0     0.0     0.0     -2.99365e-09     5.280436e-10     2.465611e-09     5.371949e-18     
3w     0.3      0.3      0.0     0.0     0.0     -3.11894e-09     5.668842e-10     2.552056e-09     5.792884e-18     
3w     0.31     0.31     0.0     0.0     0.0     -3.24901e-09     6.076201e-10     2.641392e-09     6.236354e-18     
3w     0.32     0.32     0.0     0.0     0.0     -3.38403e-09     6.503128e-10     2.733719e-09     6.703389e-18     
3w     0.33     0.33     0.0     0.0     0.0     -3.52417e-09     6.950256e-10     2.829143e-09     7.195064e-18     
3w     0.34     0.34     0.0     0.0     0.0     -3.66959e-09     7.418233e-10     2.927771e-09     7.712497e-18     
3w     0.35     0.35     0.0     0.0     0.0     -3.82049e-09     7.907725e-10     3.029713e-09     8.256856e-18     
3w     0.36     0.36     0.0     0.0     0.0     -3.97702e-09     8.419415e-10     3.135083e-09     8.829359e-18     
3w     0.37     0.37     0.0     0.0     0.0     -4.1394e-09      8.954007e-10     3.243998e-09     9.431271e-18     
3w     0.38     0.38     0.0     0.0     0.0     -4.3078e-09      9.512218e-10     3.356578e-09     1.006392e-17     
3w     0.39     0.39     0.0     0.0     0.0     -4.48243e-09     1.009479e-09     3.472948e-09     1.072867e-17     
3w     0.4      0.4      0.0     0.0     0.0     -4.66348e-09     1.070248e-09     3.593236e-09     1.142696e-17     
3w     0.41     0.41     0.0     0.0     0.0     -4.85118e-09     1.133606e-09     3.717573e-09     1.216028e-17     
3w     0.42     0.42     0.0     0.0     0.0     -5.04573e-09     1.199633e-09     3.846097e-09     1.293019e-17     
3w     0.43     0.43     0.0     0.0     0.0     -5.24736e-09     1.268412e-09     3.978947e-09     1.373831e-17     
3w     0.44     0.44     0.0     0.0     0.0     -5.45629e-09     1.340026e-09     4.116269e-09     1.458631e-17     
3w     0.45     0.45     0.0     0.0     0.0     -5.67277e-09     1.414561e-09     4.258211e-09     1.547596e-17     
3w     0.46     0.46     0.0     0.0     0.0     -5.89703e-09     1.492105e-09     4.404928e-09     1.640908e-17     
3w     0.47     0.47     0.0     0.0     0.0     -6.12933e-09     1.57275e-09      4.55658e-09      1.738757e-17     
3w     0.48     0.48     0.0     0.0     0.0     -6.36992e-09     1.656588e-09     4.713329e-09     1.84134e-17      
3w     0.49     0.49     0.0     0.0     0.0     -6.61906e-09     1.743714e-09     4.875346e-09     1.948863e-17     
3w     0.5      0.5      0.0     0.0     0.0     -6.87703e-09     1.834227e-09     5.042804e-09     2.06154e-17      
3w     0.51     0.51     0.0     0.0     0.0     -7.14411e-09     1.928226e-09     5.215885e-09     2.179595e-17     
3w     0.52     0.52     0.0     0.0     0.0     -7.42059e-09     2.025814e-09     5.394773e-09     2.303257e-17     
3w     0.53     0.53     0.0     0.0     0.0     -7.70676e-09     2.127096e-09     5.579662e-09     2.432769e-17     
3w     0.54     0.54     0.0     0.0     0.0     -8.00293e-09     2.232181e-09     5.770748e-09     2.56838e-17      
3w     0.55     0.55     0.0     0.0     0.0     -8.30941e-09     2.341179e-09     5.968236e-09     2.710351e-17     
3w     0.56     0.56     0.0     0.0     0.0     -8.62654e-09     2.454203e-09     6.172337e-09     2.858953e-17     
3w     0.57     0.57     0.0     0.0     0.0     -8.95464e-09     2.57137e-09      6.383267e-09     3.014468e-17     
3w     0.58     0.58     0.0     0.0     0.0     -9.29405e-09     2.6928e-09       6.601251e-09     3.177188e-17     
3w     0.59     0.59     0.0     0.0     0.0     -9.64513e-09     2.818614e-09     6.82652e-09      3.347417e-17     
3w     0.6      0.6      0.0     0.0     0.0     -1.00082e-08     2.948938e-09     7.059312e-09     3.525471e-17     
3w     0.61     0.61     0.0     0.0     0.0     -1.03838e-08     3.0839e-09       7.299874e-09     3.71168e-17      
3w     0.62     0.62     0.0     0.0     0.0     -1.07721e-08     3.223631e-09     7.548459e-09     3.906384e-17     
3w     0.63     0.63     0.0     0.0     0.0     -1.11736e-08     3.368266e-09     7.80533e-09      4.109939e-17     
3w     0.64     0.64     0.0     0.0     0.0     -1.15887e-08     3.517945e-09     8.070755e-09     4.322713e-17     
3w     0.65     0.65     0.0     0.0     0.0     -1.20178e-08     3.672807e-09     8.345014e-09     4.54509e-17      
3w     0.66     0.66     0.0     0.0     0.0     -1.24614e-08     3.832998e-09     8.628393e-09     4.777466e-17     
3w     0.67     0.67     0.0     0.0     0.0     -1.29199e-08     3.998667e-09     8.921189e-09     5.020257e-17     
3w     0.68     0.68     0.0     0.0     0.0     -1.33937e-08     4.169966e-09     9.223708e-09     5.27389e-17      
3w     0.69     0.69     0.0     0.0     0.0     -1.38833e-08     4.34705e-09      9.536264e-09     5.538811e-17     
3w     0.7      0.7      0.0     0.0     0.0     -1.43893e-08     4.53008e-09      9.859181e-09     5.815484e-17     
3w     0.71     0.71     0.0     0.0     0.0     -1.4912e-08      4.719219e-09     1.01928e-08      6.104389e-17     
3w     0.72     0.72     0.0     0.0     0.0     -1.54521e-08     4.914635e-09     1.053745e-08     6.406024e-17     
3w     0.73     0.73     0.0     0.0     0.0     -1.601e-08       5.116499e-09     1.089351e-08     6.720909e-17     
3w     0.74     0.74     0.0     0.0     0.0     -1.65863e-08     5.324988e-09     1.126133e-08     7.049581e-17     
3w     0.75     0.75     0.0     0.0     0.0     -1.71816e-08     5.540281e-09     1.16413e-08      7.392597e-17     
3w     0.76     0.76     0.0     0.0     0.0     -1.77964e-08     5.762562e-09     1.20338e-08      7.750537e-17     
3w     0.77     0.77     0.0     0.0     0.0     -1.84313e-08     5.992021e-09     1.243923e-08     8.124002e-17     
3w     0.78     0.78     0.0     0.0     0.0     -1.90869e-08     6.228852e-09     1.285802e-08     8.513616e-17     
3w     0.79     0.79     0.0     0.0     0.0     -1.97638e-08     6.473251e-09     1.329059e-08     8.920026e-17     
3w     0.8      0.8      0.0     0.0     0.0     -2.04628e-08     6.725422e-09     1.373738e-08     9.343903e-17     
3w     0.81     0.81     0.0     0.0     0.0     -2.11844e-08     6.985572e-09     1.419885e-08     9.785943e-17     
3w     0.82     0.82     0.0     0.0     0.0     -2.19294e-08     7.253915e-09     1.467546e-08     1.024687e-16     
3w     0.83     0.83     0.0     0.0     0.0     -2.26984e-08     7.530668e-09     1.516769e-08     1.072743e-16     
3w     0.84     0.84     0.0     0.0     0.0     -2.34921e-08     7.816053e-09     1.567605e-08     1.12284e-16      
3w     0.85     0.85     0.0     0.0     0.0     -2.43114e-08     8.110299e-09     1.620105e-08     1.17506e-16      
3w     0.86     0.86     0.0     0.0     0.0     -2.51569e-08     8.413639e-09     1.674322e-08     1.229484e-16     
3w     0.87     0.87     0.0     0.0     0.0     -2.60294e-08     8.726313e-09     1.73031e-08      1.2862e-16       
3w     0.88     0.88     0.0     0.0     0.0     -2.69298e-08     9.048565e-09     1.788126e-08     1.345298e-16     
3w     0.89     0.89     0.0     0.0     0.0     -2.78589e-08     9.380645e-09     1.847827e-08     1.406871e-16     
3w     0.9      0.9      0.0     0.0     0.0     -2.88175e-08     9.722811e-09     1.909474e-08     1.471015e-16     
4w     0.01     0.01     0.0     0.0     0.0     -4.04964e-10     6.205104e-12     3.987585e-10     -2.14493e-19     
4w     0.02     0.02     0.0     0.0     0.0     -7.29661e-10     1.333455e-11     7.163265e-10     -1.73598e-19     
4w     0.03     0.03     0.0     0.0     0.0     -9.81174e-10     2.142648e-11     9.597472e-10     -1.18022e-19     
4w     0.04     0.04     0.0     0.0     0.0     -1.17227e-09     3.052014e-11     1.141751e-09     -4.41757e-20     
4w     0.05     0.05     0.0     0.0     0.0     -1.31934e-09     4.065588e-11     1.278686e-09     4.926475e-20     
4w     0.06     0.06     0.0     0.0     0.0     -1.43809e-09     5.187523e-11     1.386214e-09     1.615991e-19     
4w     0.07     0.07     0.0     0.0     0.0     -1.5404e-09      6.422089e-11     1.476176e-09     2.912325e-19     
4w     0.08     0.08     0.0     0.0     0.0     -1.63398e-09     7.773681e-11     1.55624e-09      4.366632e-19     
4w     0.09     0.09     0.0     0.0     0.0     -1.72348e-09     9.246817e-11     1.631011e-09     5.968699e-19     
4w     0.1      0.1      0.0     0.0     0.0     -1.81167e-09     1.084614e-10     1.703213e-09     7.713144e-19     
4w     0.11     0.11     0.0     0.0     0.0     -1.90025e-09     1.257644e-10     1.774486e-09     9.598296e-19     
4w     0.12     0.12     0.0     0.0     0.0     -1.99029e-09     1.444263e-10     1.84586e-09      1.16251e-18      
4w     0.13     0.13     0.0     0.0     0.0     -2.08251e-09     1.644976e-10     1.918011e-09     1.379634e-18     
4w     0.14     0.14     0.0     0.0     0.0     -2.17744e-09     1.860303e-10     1.991409e-09     1.611611e-18     
4w     0.15     0.15     0.0     0.0     0.0     -2.27547e-09     2.090778e-10     2.066394e-09     1.858948e-18     
4w     0.16     0.16     0.0     0.0     0.0     -2.37693e-09     2.336951e-10     2.143231e-09     2.12223e-18      
4w     0.17     0.17     0.0     0.0     0.0     -2.48207e-09     2.599387e-10     2.222132e-09     2.402109e-18     
4w     0.18     0.18     0.0     0.0     0.0     -2.59114e-09     2.878664e-10     2.303277e-09     2.699292e-18     
4w     0.19     0.19     0.0     0.0     0.0     -2.70436e-09     3.175381e-10     2.386827e-09     3.014537e-18     
4w     0.2      0.2      0.0     0.0     0.0     -2.82194e-09     3.49015e-10      2.472924e-09     3.348653e-18     
4w     0.21     0.21     0.0     0.0     0.0     -2.94407e-09     3.823601e-10     2.561706e-09     3.702494e-18     
4w     0.22     0.22     0.0     0.0     0.0     -3.07094e-09     4.176381e-10     2.653301e-09     4.076962e-18     
4w     0.23     0.23     0.0     0.0     0.0     -3.20275e-09     4.549155e-10     2.747837e-09     4.473004e-18     
4w     0.24     0.24     0.0     0.0     0.0     -3.3397e-09      4.942606e-10     2.845436e-09     4.891614e-18     
4w     0.25     0.25     0.0     0.0     0.0     -3.48197e-09     5.357436e-10     2.946225e-09     5.333833e-18     
4w     0.26     0.26     0.0     0.0     0.0     -3.62976e-09     5.794365e-10     3.050327e-09     5.800752e-18     
4w     0.27     0.27     0.0     0.0     0.0     -3.78328e-09     6.254133e-10     3.157868e-09     6.293511e-18     
4w     0.28     0.28     0.0     0.0     0.0     -3.94273e-09     6.737501e-10     3.268976e-09     6.813299e-18     
4w     0.29     0.29     0.0     0.0     0.0     -4.10831e-09     7.245249e-10     3.383781e-09     7.361362e-18     
4w     0.3      0.3      0.0     0.0     0.0     -4.28023e-09     7.778179e-10     3.502417e-09     7.938996e-18     
4w     0.31     0.31     0.0     0.0     0.0     -4.45873e-09     8.337113e-10     3.625019e-09     8.547557e-18     
4w     0.32     0.32     0.0     0.0     0.0     -4.64402e-09     8.922897e-10     3.751728e-09     9.188459e-18     
4w     0.33     0.33     0.0     0.0     0.0     -4.83633e-09     9.536398e-10     3.882686e-09     9.863174e-18     
4w     0.34     0.34     0.0     0.0     0.0     -5.03589e-09     1.017851e-09     4.018041e-09     1.057324e-17     
4w     0.35     0.35     0.0     0.0     0.0     -5.24296e-09     1.085013e-09     4.157944e-09     1.132026e-17     
4w     0.36     0.36     0.0     0.0     0.0     -5.45777e-09     1.155222e-09     4.302552e-09     1.21059e-17      
4w     0.37     0.37     0.0     0.0     0.0     -5.6806e-09      1.228573e-09     4.452025e-09     1.29319e-17      
4w     0.38     0.38     0.0     0.0     0.0     -5.91169e-09     1.305165e-09     4.606528e-09     1.380008e-17     
4w     0.39     0.39     0.0     0.0     0.0     -6.15133e-09     1.385099e-09     4.766232e-09     1.471232e-17     
4w     0.4      0.4      0.0     0.0     0.0     -6.39979e-09     1.468479e-09     4.931313e-09     1.567058e-17     
4w     0.41     0.41     0.0     0.0     0.0     -6.65737e-09     1.555413e-09     5.101952e-09     1.667693e-17     
4w     0.42     0.42     0.0     0.0     0.0     -6.92434e-09     1.646009e-09     5.278336e-09     1.773349e-17     
4w     0.43     0.43     0.0     0.0     0.0     -7.20104e-09     1.740379e-09     5.460658e-09     1.884248e-17     
4w     0.44     0.44     0.0     0.0     0.0     -7.48776e-09     1.83864e-09      5.649116e-09     2.000621e-17     
4w     0.45     0.45     0.0     0.0     0.0     -7.78482e-09     1.940909e-09     5.843916e-09     2.122709e-17     
4w     0.46     0.46     0.0     0.0     0.0     -8.09258e-09     2.047307e-09     6.045268e-09     2.250763e-17     
4w     0.47     0.47     0.0     0.0     0.0     -8.41135e-09     2.157959e-09     6.253392e-09     2.385042e-17     
4w     0.48     0.48     0.0     0.0     0.0     -8.74151e-09     2.272993e-09     6.468513e-09     2.52582e-17      
4w     0.49     0.49     0.0     0.0     0.0     -9.0834e-09      2.392538e-09     6.690862e-09     2.673377e-17     
4w     0.5      0.5      0.0     0.0     0.0     -9.43741e-09     2.51673e-09      6.92068e-09      2.828007e-17     
4w     0.51     0.51     0.0     0.0     0.0     -9.80392e-09     2.645705e-09     7.158213e-09     2.990017e-17     
4w     0.52     0.52     0.0     0.0     0.0     -1.01833e-08     2.779605e-09     7.403718e-09     3.159723e-17     
4w     0.53     0.53     0.0     0.0     0.0     -1.0576e-08      2.918573e-09     7.657456e-09     3.337456e-17     
4w     0.54     0.54     0.0     0.0     0.0     -1.09825e-08     3.062759e-09     7.9197e-09       3.52356e-17      
4w     0.55     0.55     0.0     0.0     0.0     -1.1403e-08      3.212315e-09     8.19073e-09      3.718392e-17     
4w     0.56     0.56     0.0     0.0     0.0     -1.18382e-08     3.367395e-09     8.470835e-09     3.922324e-17     
4w     0.57     0.57     0.0     0.0     0.0     -1.22885e-08     3.528159e-09     8.760312e-09     4.135743e-17     
4w     0.58     0.58     0.0     0.0     0.0     -1.27542e-08     3.694772e-09     9.059471e-09     4.35905e-17      
4w     0.59     0.59     0.0     0.0     0.0     -1.3236e-08      3.867401e-09     9.368627e-09     4.592662e-17     
4w     0.6      0.6      0.0     0.0     0.0     -1.37343e-08     4.046217e-09     9.688108e-09     4.837014e-17     
4w     0.61     0.61     0.0     0.0     0.0     -1.42496e-08     4.231397e-09     1.001825e-08     5.092556e-17     
4w     0.62     0.62     0.0     0.0     0.0     -1.47825e-08     4.423121e-09     1.035941e-08     5.359758e-17     
4w     0.63     0.63     0.0     0.0     0.0     -1.53335e-08     4.621575e-09     1.071193e-08     5.639105e-17     
4w     0.64     0.64     0.0     0.0     0.0     -1.59031e-08     4.826947e-09     1.10762e-08      5.931105e-17     
4w     0.65     0.65     0.0     0.0     0.0     -1.6492e-08      5.039433e-09     1.145259e-08     6.236283e-17     
4w     0.66     0.66     0.0     0.0     0.0     -1.71007e-08     5.25923e-09      1.184149e-08     6.555185e-17     
4w     0.67     0.67     0.0     0.0     0.0     -1.77299e-08     5.486543e-09     1.224332e-08     6.888378e-17     
4w     0.68     0.68     0.0     0.0     0.0     -1.83801e-08     5.721581e-09     1.26585e-08      7.236451e-17     
4w     0.69     0.69     0.0     0.0     0.0     -1.9052e-08      5.964557e-09     1.308744e-08     7.600016e-17     
4w     0.7      0.7      0.0     0.0     0.0     -1.97463e-08     6.215691e-09     1.353061e-08     7.979708e-17     
4w     0.71     0.71     0.0     0.0     0.0     -2.04637e-08     6.475208e-09     1.398846e-08     8.376187e-17     
4w     0.72     0.72     0.0     0.0     0.0     -2.12048e-08     6.743336e-09     1.446146e-08     8.790138e-17     
4w     0.73     0.73     0.0     0.0     0.0     -2.19704e-08     7.020313e-09     1.495011e-08     9.222271e-17     
4w     0.74     0.74     0.0     0.0     0.0     -2.27613e-08     7.306379e-09     1.54549e-08      9.673325e-17     
4w     0.75     0.75     0.0     0.0     0.0     -2.35781e-08     7.60178e-09      1.597636e-08     1.014406e-16     
4w     0.76     0.76     0.0     0.0     0.0     -2.44218e-08     7.906771e-09     1.651503e-08     1.063529e-16     
4w     0.77     0.77     0.0     0.0     0.0     -2.52931e-08     8.221611e-09     1.707144e-08     1.114781e-16     
4w     0.78     0.78     0.0     0.0     0.0     -2.61927e-08     8.546564e-09     1.764618e-08     1.16825e-16      
4w     0.79     0.79     0.0     0.0     0.0     -2.71217e-08     8.881902e-09     1.823983e-08     1.224024e-16     
4w     0.8      0.8      0.0     0.0     0.0     -2.80809e-08     9.227904e-09     1.8853e-08       1.282195e-16     
4w     0.81     0.81     0.0     0.0     0.0     -2.90712e-08     9.584855e-09     1.948631e-08     1.342859e-16     
4w     0.82     0.82     0.0     0.0     0.0     -3.00934e-08     9.953046e-09     2.01404e-08      1.406114e-16     
4w     0.83     0.83     0.0     0.0     0.0     -3.11487e-08     1.033278e-08     2.081594e-08     1.472064e-16     
4w     0.84     0.84     0.0     0.0     0.0     -3.2238e-08      1.072435e-08     2.151361e-08     1.540816e-16     
4w     0.85     0.85     0.0     0.0     0.0     -3.33622e-08     1.112808e-08     2.223411e-08     1.612479e-16     
4w     0.86     0.86     0.0     0.0     0.0     -3.45225e-08     1.15443e-08      2.297817e-08     1.687169e-16     
4w     0.87     0.87     0.0     0.0     0.0     -3.57199e-08     1.197331e-08     2.374655e-08     1.765004e-16     
4w     0.88     0.88     0.0     0.0     0.0     -3.69555e-08     1.241547e-08     2.454e-08        1.846107e-16     
4w     0.89     0.89     0.0     0.0     0.0     -3.82304e-08     1.287112e-08     2.535933e-08     1.930607e-16     
4w     0.9      0.9      0.0     0.0     0.0     -3.9546e-08      1.33406e-08      2.620536e-08     2.018636e-16     
6w     0.01     0.01     0.0     0.0     0.0     -6.24665e-10     9.570585e-12     6.150948e-10     -3.35444e-19     
6w     0.02     0.02     0.0     0.0     0.0     -1.12557e-09     2.056685e-11     1.105004e-09     -2.75516e-19     
6w     0.03     0.03     0.0     0.0     0.0     -1.5136e-09      3.304762e-11     1.480555e-09     -1.91947e-19     
6w     0.04     0.04     0.0     0.0     0.0     -1.80844e-09     4.707343e-11     1.761366e-09     -7.95187e-20     
6w     0.05     0.05     0.0     0.0     0.0     -2.03535e-09     6.270653e-11     1.972642e-09     6.359398e-20     
6w     0.06     0.06     0.0     0.0     0.0     -2.21855e-09     8.001095e-11     2.138542e-09     2.361658e-19     
6w     0.07     0.07     0.0     0.0     0.0     -2.37639e-09     9.905257e-11     2.277335e-09     4.356373e-19     
6w     0.08     0.08     0.0     0.0     0.0     -2.52075e-09     1.198991e-10     2.400853e-09     6.59624e-19      
6w     0.09     0.09     0.0     0.0     0.0     -2.65882e-09     1.426204e-10     2.516203e-09     9.065039e-19     
6w     0.1      0.1      0.0     0.0     0.0     -2.79487e-09     1.67288e-10      2.627587e-09     1.175415e-18     
6w     0.11     0.11     0.0     0.0     0.0     -2.93151e-09     1.939757e-10     2.737538e-09     1.466078e-18     
6w     0.12     0.12     0.0     0.0     0.0     -3.0704e-09      2.227592e-10     2.847645e-09     1.778624e-18     
6w     0.13     0.13     0.0     0.0     0.0     -3.21267e-09     2.537167e-10     2.958951e-09     2.113473e-18     
6w     0.14     0.14     0.0     0.0     0.0     -3.35911e-09     2.869281e-10     3.072179e-09     2.471249e-18     
6w     0.15     0.15     0.0     0.0     0.0     -3.51033e-09     3.22476e-10      3.187857e-09     2.852729e-18     
6w     0.16     0.16     0.0     0.0     0.0     -3.66684e-09     3.60445e-10      3.306391e-09     3.258816e-18     
6w     0.17     0.17     0.0     0.0     0.0     -3.82903e-09     4.009223e-10     3.42811e-09      3.69051e-18      
6w     0.18     0.18     0.0     0.0     0.0     -3.99729e-09     4.439974e-10     3.553292e-09     4.1489e-18       
6w     0.19     0.19     0.0     0.0     0.0     -4.17194e-09     4.897622e-10     3.682182e-09     4.635158e-18     
6w     0.2      0.2      0.0     0.0     0.0     -4.35331e-09     5.383113e-10     3.815003e-09     5.150528e-18     
6w     0.21     0.21     0.0     0.0     0.0     -4.54171e-09     5.897419e-10     3.951965e-09     5.696329e-18     
6w     0.22     0.22     0.0     0.0     0.0     -4.73742e-09     6.441537e-10     4.093268e-09     6.273951e-18     
6w     0.23     0.23     0.0     0.0     0.0     -4.94076e-09     7.016494e-10     4.239106e-09     6.884855e-18     
6w     0.24     0.24     0.0     0.0     0.0     -5.15201e-09     7.623342e-10     4.389672e-09     7.530574e-18     
6w     0.25     0.25     0.0     0.0     0.0     -5.37147e-09     8.263164e-10     4.545158e-09     8.212716e-18     
6w     0.26     0.26     0.0     0.0     0.0     -5.59946e-09     8.937071e-10     4.705754e-09     8.932961e-18     
6w     0.27     0.27     0.0     0.0     0.0     -5.83628e-09     9.646205e-10     4.871657e-09     9.693068e-18     
6w     0.28     0.28     0.0     0.0     0.0     -6.08224e-09     1.039174e-09     5.043062e-09     1.049487e-17     
6w     0.29     0.29     0.0     0.0     0.0     -6.33766e-09     1.117488e-09     5.220172e-09     1.13403e-17      
6w     0.3      0.3      0.0     0.0     0.0     -6.60288e-09     1.199685e-09     5.40319e-09      1.223134e-17     
6w     0.31     0.31     0.0     0.0     0.0     -6.87822e-09     1.285894e-09     5.592328e-09     1.317009e-17     
6w     0.32     0.32     0.0     0.0     0.0     -7.16404e-09     1.376243e-09     5.7878e-09       1.415874e-17     
6w     0.33     0.33     0.0     0.0     0.0     -7.4607e-09      1.470868e-09     5.989829e-09     1.519954e-17     
6w     0.34     0.34     0.0     0.0     0.0     -7.76855e-09     1.569905e-09     6.19864e-09      1.629488e-17     
6w     0.35     0.35     0.0     0.0     0.0     -8.08796e-09     1.673495e-09     6.414468e-09     1.744723e-17     
6w     0.36     0.36     0.0     0.0     0.0     -8.41934e-09     1.781783e-09     6.637554e-09     1.865916e-17     
6w     0.37     0.37     0.0     0.0     0.0     -8.76306e-09     1.894918e-09     6.868145e-09     1.993335e-17     
6w     0.38     0.38     0.0     0.0     0.0     -9.11955e-09     2.013051e-09     7.106497e-09     2.127261e-17     
6w     0.39     0.39     0.0     0.0     0.0     -9.48921e-09     2.136339e-09     7.352872e-09     2.267984e-17     
6w     0.4      0.4      0.0     0.0     0.0     -9.87248e-09     2.264943e-09     7.607542e-09     2.415808e-17     
6w     0.41     0.41     0.0     0.0     0.0     -1.02698e-08     2.399026e-09     7.870786e-09     2.571049e-17     
6w     0.42     0.42     0.0     0.0     0.0     -1.06817e-08     2.538759e-09     8.142893e-09     2.734035e-17     
6w     0.43     0.43     0.0     0.0     0.0     -1.11085e-08     2.684314e-09     8.42416e-09      2.90511e-17      
6w     0.44     0.44     0.0     0.0     0.0     -1.15508e-08     2.835868e-09     8.714894e-09     3.08463e-17      
6w     0.45     0.45     0.0     0.0     0.0     -1.2009e-08      2.993605e-09     9.015411e-09     3.272967e-17     
6w     0.46     0.46     0.0     0.0     0.0     -1.24837e-08     3.157711e-09     9.326037e-09     3.470506e-17     
6w     0.47     0.47     0.0     0.0     0.0     -1.29755e-08     3.328378e-09     9.647109e-09     3.677651e-17     
6w     0.48     0.48     0.0     0.0     0.0     -1.34848e-08     3.505803e-09     9.978975e-09     3.894819e-17     
6w     0.49     0.49     0.0     0.0     0.0     -1.40122e-08     3.690186e-09     1.032199e-08     4.122446e-17     
6w     0.5      0.5      0.0     0.0     0.0     -1.45583e-08     3.881736e-09     1.067653e-08     4.360984e-17     
6w     0.51     0.51     0.0     0.0     0.0     -1.51236e-08     4.080664e-09     1.104298e-08     4.610907e-17     
6w     0.52     0.52     0.0     0.0     0.0     -1.57089e-08     4.287187e-09     1.142171e-08     4.872702e-17     
6w     0.53     0.53     0.0     0.0     0.0     -1.63147e-08     4.501528e-09     1.181316e-08     5.146881e-17     
6w     0.54     0.54     0.0     0.0     0.0     -1.69416e-08     4.723917e-09     1.221772e-08     5.433974e-17     
6w     0.55     0.55     0.0     0.0     0.0     -1.75904e-08     4.954587e-09     1.263584e-08     5.734531e-17     
6w     0.56     0.56     0.0     0.0     0.0     -1.82617e-08     5.193778e-09     1.306796e-08     6.049127e-17     
6w     0.57     0.57     0.0     0.0     0.0     -1.89563e-08     5.441737e-09     1.351453e-08     6.378357e-17     
6w     0.58     0.58     0.0     0.0     0.0     -1.96748e-08     5.698716e-09     1.397604e-08     6.722841e-17     
6w     0.59     0.59     0.0     0.0     0.0     -2.0418e-08      5.964974e-09     1.445298e-08     7.083224e-17     
6w     0.6      0.6      0.0     0.0     0.0     -2.11866e-08     6.240775e-09     1.494584e-08     7.460174e-17     
6w     0.61     0.61     0.0     0.0     0.0     -2.19815e-08     6.526392e-09     1.545516e-08     7.854388e-17     
6w     0.62     0.62     0.0     0.0     0.0     -2.28036e-08     6.822102e-09     1.598146e-08     8.266587e-17     
6w     0.63     0.63     0.0     0.0     0.0     -2.36535e-08     7.128192e-09     1.65253e-08      8.697525e-17     
6w     0.64     0.64     0.0     0.0     0.0     -2.45322e-08     7.444952e-09     1.708725e-08     9.147981e-17     
6w     0.65     0.65     0.0     0.0     0.0     -2.54406e-08     7.772684e-09     1.766791e-08     9.618766e-17     
6w     0.66     0.66     0.0     0.0     0.0     -2.63796e-08     8.111693e-09     1.826787e-08     1.011072e-16     
6w     0.67     0.67     0.0     0.0     0.0     -2.73501e-08     8.462295e-09     1.888778e-08     1.062473e-16     
6w     0.68     0.68     0.0     0.0     0.0     -2.83531e-08     8.824811e-09     1.952826e-08     1.116169e-16     
6w     0.69     0.69     0.0     0.0     0.0     -2.93896e-08     9.199571e-09     2.019e-08        1.172254e-16     
6w     0.7      0.7      0.0     0.0     0.0     -3.04606e-08     9.586913e-09     2.087367e-08     1.230828e-16     
6w     0.71     0.71     0.0     0.0     0.0     -3.15672e-08     9.987184e-09     2.158e-08        1.291991e-16     
6w     0.72     0.72     0.0     0.0     0.0     -3.27104e-08     1.040074e-08     2.23097e-08      1.35585e-16      
6w     0.73     0.73     0.0     0.0     0.0     -3.38915e-08     1.082794e-08     2.306353e-08     1.422514e-16     
6w     0.74     0.74     0.0     0.0     0.0     -3.51114e-08     1.126916e-08     2.384228e-08     1.492096e-16     
6w     0.75     0.75     0.0     0.0     0.0     -3.63715e-08     1.172478e-08     2.464673e-08     1.564716e-16     
6w     0.76     0.76     0.0     0.0     0.0     -3.76729e-08     1.219519e-08     2.547773e-08     1.640495e-16     
6w     0.77     0.77     0.0     0.0     0.0     -3.90169e-08     1.268079e-08     2.633611e-08     1.71956e-16      
6w     0.78     0.78     0.0     0.0     0.0     -4.04048e-08     1.318199e-08     2.722276e-08     1.802045e-16     
6w     0.79     0.79     0.0     0.0     0.0     -4.18378e-08     1.36992e-08      2.813859e-08     1.888086e-16     
6w     0.8      0.8      0.0     0.0     0.0     -4.33174e-08     1.423287e-08     2.908452e-08     1.977824e-16     
6w     0.81     0.81     0.0     0.0     0.0     -4.48449e-08     1.478342e-08     3.006153e-08     2.071408e-16     
6w     0.82     0.82     0.0     0.0     0.0     -4.64219e-08     1.535131e-08     3.107059e-08     2.16899e-16      
6w     0.83     0.83     0.0     0.0     0.0     -4.80497e-08     1.593699e-08     3.211275e-08     2.27073e-16      
6w     0.84     0.84     0.0     0.0     0.0     -4.973e-08       1.654095e-08     3.318904e-08     2.37679e-16      
6w     0.85     0.85     0.0     0.0     0.0     -5.14642e-08     1.716365e-08     3.430055e-08     2.487343e-16     
6w     0.86     0.86     0.0     0.0     0.0     -5.3254e-08      1.780561e-08     3.544842e-08     2.602564e-16     
6w     0.87     0.87     0.0     0.0     0.0     -5.51011e-08     1.846731e-08     3.663379e-08     2.722638e-16     
6w     0.88     0.88     0.0     0.0     0.0     -5.70071e-08     1.914929e-08     3.785784e-08     2.847754e-16     
6w     0.89     0.89     0.0     0.0     0.0     -5.89739e-08     1.985206e-08     3.912182e-08     2.978109e-16     
6w     0.9      0.9      0.0     0.0     0.0     -6.10032e-08     2.057618e-08     4.042698e-08     3.113908e-16     
8w     0.01     0.01     0.0     0.0     0.0     -8.44369e-10     1.293607e-11     8.314326e-10     -4.56396e-19     
8w     0.02     0.02     0.0     0.0     0.0     -1.52148e-09     2.779914e-11     1.493685e-09     -3.77434e-19     
8w     0.03     0.03     0.0     0.0     0.0     -2.04604e-09     4.466876e-11     2.00137e-09      -2.65871e-19     
8w     0.04     0.04     0.0     0.0     0.0     -2.44462e-09     6.362673e-11     2.380989e-09     -1.1486e-19      
8w     0.05     0.05     0.0     0.0     0.0     -2.75137e-09     8.475717e-11     2.666609e-09     7.792541e-20     
8w     0.06     0.06     0.0     0.0     0.0     -2.99903e-09     1.081467e-10     2.89088e-09      3.107355e-19     
8w     0.07     0.07     0.0     0.0     0.0     -3.21239e-09     1.338842e-10     3.078506e-09     5.800464e-19     
8w     0.08     0.08     0.0     0.0     0.0     -3.40754e-09     1.620615e-10     3.245479e-09     8.825905e-19     
8w     0.09     0.09     0.0     0.0     0.0     -3.59418e-09     1.927726e-10     3.401408e-09     1.216145e-18     
8w     0.1      0.1      0.0     0.0     0.0     -3.77809e-09     2.261145e-10     3.551975e-09     1.579525e-18     
8w     0.11     0.11     0.0     0.0     0.0     -3.96279e-09     2.621869e-10     3.700605e-09     1.972337e-18     
8w     0.12     0.12     0.0     0.0     0.0     -4.15054e-09     3.010921e-10     3.849445e-09     2.394752e-18     
8w     0.13     0.13     0.0     0.0     0.0     -4.34284e-09     3.429357e-10     3.999906e-09     2.847327e-18     
8w     0.14     0.14     0.0     0.0     0.0     -4.54079e-09     3.878259e-10     4.152966e-09     3.330904e-18     
8w     0.15     0.15     0.0     0.0     0.0     -4.74521e-09     4.358741e-10     4.309337e-09     3.846532e-18     
8w     0.16     0.16     0.0     0.0     0.0     -4.95676e-09     4.871949e-10     4.469569e-09     4.395425e-18     
8w     0.17     0.17     0.0     0.0     0.0     -5.17601e-09     5.41906e-10      4.634106e-09     4.978937e-18     
8w     0.18     0.18     0.0     0.0     0.0     -5.40345e-09     6.001283e-10     4.803324e-09     5.598539e-18     
8w     0.19     0.19     0.0     0.0     0.0     -5.63954e-09     6.619863e-10     4.977555e-09     6.255813e-18     
8w     0.2      0.2      0.0     0.0     0.0     -5.88471e-09     7.276076e-10     5.157101e-09     6.952441e-18     
8w     0.21     0.21     0.0     0.0     0.0     -6.13937e-09     7.971237e-10     5.342244e-09     7.690206e-18     
8w     0.22     0.22     0.0     0.0     0.0     -6.40392e-09     8.706693e-10     5.533255e-09     8.470986e-18     
8w     0.23     0.23     0.0     0.0     0.0     -6.67878e-09     9.483832e-10     5.730397e-09     9.296756e-18     
8w     0.24     0.24     0.0     0.0     0.0     -6.96434e-09     1.030408e-09     5.93393e-09      1.016959e-17     
8w     0.25     0.25     0.0     0.0     0.0     -7.261e-09       1.116889e-09     6.144112e-09     1.109166e-17     
8w     0.26     0.26     0.0     0.0     0.0     -7.56918e-09     1.207978e-09     6.361205e-09     1.206523e-17     
8w     0.27     0.27     0.0     0.0     0.0     -7.8893e-09      1.303828e-09     6.585469e-09     1.309269e-17     
8w     0.28     0.28     0.0     0.0     0.0     -8.22177e-09     1.404598e-09     6.817173e-09     1.417652e-17     
8w     0.29     0.29     0.0     0.0     0.0     -8.56704e-09     1.51045e-09      7.056587e-09     1.531931e-17     
8w     0.3      0.3      0.0     0.0     0.0     -8.92554e-09     1.621553e-09     7.303989e-09     1.652377e-17     
8w     0.31     0.31     0.0     0.0     0.0     -9.29774e-09     1.738076e-09     7.559663e-09     1.779272e-17     
8w     0.32     0.32     0.0     0.0     0.0     -9.6841e-09      1.860197e-09     7.823901e-09     1.912912e-17     
8w     0.33     0.33     0.0     0.0     0.0     -1.00851e-08     1.988096e-09     8.097e-09        2.053602e-17     
8w     0.34     0.34     0.0     0.0     0.0     -1.05012e-08     2.12196e-09      8.379269e-09     2.201665e-17     
8w     0.35     0.35     0.0     0.0     0.0     -1.0933e-08      2.261977e-09     8.671023e-09     2.357433e-17     
8w     0.36     0.36     0.0     0.0     0.0     -1.13809e-08     2.408344e-09     8.972588e-09     2.521256e-17     
8w     0.37     0.37     0.0     0.0     0.0     -1.18456e-08     2.561262e-09     9.284298e-09     2.693495e-17     
8w     0.38     0.38     0.0     0.0     0.0     -1.23274e-08     2.720937e-09     9.606499e-09     2.87453e-17      
8w     0.39     0.39     0.0     0.0     0.0     -1.28271e-08     2.887579e-09     9.939546e-09     3.064753e-17     
8w     0.4      0.4      0.0     0.0     0.0     -1.33452e-08     3.061406e-09     1.028381e-08     3.264575e-17     
8w     0.41     0.41     0.0     0.0     0.0     -1.38823e-08     3.24264e-09      1.063966e-08     3.474423e-17     
8w     0.42     0.42     0.0     0.0     0.0     -1.4439e-08      3.431509e-09     1.100749e-08     3.694741e-17     
8w     0.43     0.43     0.0     0.0     0.0     -1.5016e-08      3.628248e-09     1.13877e-08      3.925994e-17     
8w     0.44     0.44     0.0     0.0     0.0     -1.56138e-08     3.833097e-09     1.178071e-08     4.168662e-17     
8w     0.45     0.45     0.0     0.0     0.0     -1.62333e-08     4.046302e-09     1.218695e-08     4.423249e-17     
8w     0.46     0.46     0.0     0.0     0.0     -1.6875e-08      4.268115e-09     1.260685e-08     4.690275e-17     
8w     0.47     0.47     0.0     0.0     0.0     -1.75397e-08     4.498797e-09     1.304087e-08     4.970286e-17     
8w     0.48     0.48     0.0     0.0     0.0     -1.82281e-08     4.738612e-09     1.348949e-08     5.263846e-17     
8w     0.49     0.49     0.0     0.0     0.0     -1.8941e-08      4.987834e-09     1.395317e-08     5.571544e-17     
8w     0.5      0.5      0.0     0.0     0.0     -1.96792e-08     5.246742e-09     1.443244e-08     5.893993e-17     
8w     0.51     0.51     0.0     0.0     0.0     -2.04434e-08     5.515622e-09     1.492779e-08     6.23183e-17      
8w     0.52     0.52     0.0     0.0     0.0     -2.12345e-08     5.794769e-09     1.543977e-08     6.585717e-17     
8w     0.53     0.53     0.0     0.0     0.0     -2.20534e-08     6.084483e-09     1.596891e-08     6.956344e-17     
8w     0.54     0.54     0.0     0.0     0.0     -2.29009e-08     6.385075e-09     1.65158e-08      7.344427e-17     
8w     0.55     0.55     0.0     0.0     0.0     -2.37779e-08     6.696859e-09     1.708101e-08     7.750711e-17     
8w     0.56     0.56     0.0     0.0     0.0     -2.46853e-08     7.020162e-09     1.766514e-08     8.175973e-17     
8w     0.57     0.57     0.0     0.0     0.0     -2.56241e-08     7.355315e-09     1.826882e-08     8.621017e-17     
8w     0.58     0.58     0.0     0.0     0.0     -2.65953e-08     7.70266e-09      1.889268e-08     9.086682e-17     
8w     0.59     0.59     0.0     0.0     0.0     -2.75999e-08     8.062547e-09     1.95374e-08      9.573837e-17     
8w     0.6      0.6      0.0     0.0     0.0     -2.8639e-08      8.435333e-09     2.020365e-08     1.008339e-16     
8w     0.61     0.61     0.0     0.0     0.0     -2.97135e-08     8.821386e-09     2.089213e-08     1.061628e-16     
8w     0.62     0.62     0.0     0.0     0.0     -3.08247e-08     9.221083e-09     2.160358e-08     1.117348e-16     
8w     0.63     0.63     0.0     0.0     0.0     -3.19735e-08     9.634808e-09     2.233874e-08     1.175601e-16     
8w     0.64     0.64     0.0     0.0     0.0     -3.31613e-08     1.006296e-08     2.309839e-08     1.236492e-16     
8w     0.65     0.65     0.0     0.0     0.0     -3.43892e-08     1.050593e-08     2.388331e-08     1.300132e-16     
8w     0.66     0.66     0.0     0.0     0.0     -3.56585e-08     1.096416e-08     2.469434e-08     1.366633e-16     
8w     0.67     0.67     0.0     0.0     0.0     -3.69704e-08     1.143805e-08     2.553232e-08     1.436115e-16     
8w     0.68     0.68     0.0     0.0     0.0     -3.83262e-08     1.192804e-08     2.639812e-08     1.5087e-16       
8w     0.69     0.69     0.0     0.0     0.0     -3.97272e-08     1.243458e-08     2.729265e-08     1.584515e-16     
8w     0.7      0.7      0.0     0.0     0.0     -4.1175e-08      1.295814e-08     2.821684e-08     1.663694e-16     
8w     0.71     0.71     0.0     0.0     0.0     -4.26708e-08     1.349916e-08     2.917164e-08     1.746373e-16     
8w     0.72     0.72     0.0     0.0     0.0     -4.42162e-08     1.405814e-08     3.015804e-08     1.832696e-16     
8w     0.73     0.73     0.0     0.0     0.0     -4.58126e-08     1.463557e-08     3.117707e-08     1.92281e-16      
8w     0.74     0.74     0.0     0.0     0.0     -4.74617e-08     1.523194e-08     3.222977e-08     2.01687e-16      
8w     0.75     0.75     0.0     0.0     0.0     -4.9165e-08      1.584778e-08     3.331723e-08     2.115036e-16     
8w     0.76     0.76     0.0     0.0     0.0     -5.09242e-08     1.648361e-08     3.444056e-08     2.217472e-16     
8w     0.77     0.77     0.0     0.0     0.0     -5.27409e-08     1.713997e-08     3.560091e-08     2.324352e-16     
8w     0.78     0.78     0.0     0.0     0.0     -5.46169e-08     1.781741e-08     3.679948e-08     2.435853e-16     
8w     0.79     0.79     0.0     0.0     0.0     -5.6554e-08      1.851651e-08     3.803749e-08     2.552161e-16     
8w     0.8      0.8      0.0     0.0     0.0     -5.8554e-08      1.923783e-08     3.931619e-08     2.673467e-16     
8w     0.81     0.81     0.0     0.0     0.0     -6.06189e-08     1.998198e-08     4.06369e-08      2.799972e-16     
8w     0.82     0.82     0.0     0.0     0.0     -6.27505e-08     2.074957e-08     4.200094e-08     2.931882e-16     
8w     0.83     0.83     0.0     0.0     0.0     -6.49509e-08     2.154121e-08     4.340971e-08     3.069411e-16     
8w     0.84     0.84     0.0     0.0     0.0     -6.72222e-08     2.235754e-08     4.486463e-08     3.212782e-16     
8w     0.85     0.85     0.0     0.0     0.0     -6.95664e-08     2.319922e-08     4.636717e-08     3.362224e-16     
8w     0.86     0.86     0.0     0.0     0.0     -7.19858e-08     2.406692e-08     4.791885e-08     3.517978e-16     
8w     0.87     0.87     0.0     0.0     0.0     -7.44825e-08     2.496131e-08     4.952121e-08     3.680292e-16     
8w     0.88     0.88     0.0     0.0     0.0     -7.7059e-08      2.58831e-08      5.117588e-08     3.849421e-16     
8w     0.89     0.89     0.0     0.0     0.0     -7.97175e-08     2.6833e-08       5.288451e-08     4.025632e-16     
8w     0.9      0.9      0.0     0.0     0.0     -8.24606e-08     2.781176e-08     5.464882e-08     4.209202e-16     
