Width  step     V(drain) V(gate)  V(source) V(body) I(Vd)            I(Vg)            I(Vs)            I(Vb)            
1w     0.01     0.0     0.01     0.0     0.0     9.914661e-13     -1.98298e-12     9.914661e-13     4.168939e-17     
1w     0.02     0.0     0.02     0.0     0.0     1.824241e-12     -3.64857e-12     1.824241e-12     8.488763e-17     
1w     0.03     0.0     0.03     0.0     0.0     2.504873e-12     -5.00988e-12     2.504873e-12     1.295771e-16     
1w     0.04     0.0     0.04     0.0     0.0     3.039739e-12     -6.07964e-12     3.039739e-12     1.757874e-16     
1w     0.05     0.0     0.05     0.0     0.0     3.43506e-12      -6.87034e-12     3.43506e-12      2.235498e-16     
1w     0.06     0.0     0.06     0.0     0.0     3.696917e-12     -7.39414e-12     3.696917e-12     2.728979e-16     
1w     0.07     0.0     0.07     0.0     0.0     3.831282e-12     -7.66287e-12     3.831282e-12     3.238686e-16     
1w     0.08     0.0     0.08     0.0     0.0     3.844055e-12     -7.68846e-12     3.844055e-12     3.765029e-16     
1w     0.09     0.0     0.09     0.0     0.0     3.741141e-12     -7.48268e-12     3.741141e-12     4.308474e-16     
1w     0.1      0.0     0.1      0.0     0.0     3.528594e-12     -7.05774e-12     3.528594e-12     4.869563e-16     
1w     0.11     0.0     0.11     0.0     0.0     3.212903e-12     -6.42641e-12     3.212903e-12     5.448942e-16     
1w     0.12     0.0     0.12     0.0     0.0     2.801692e-12     -5.60396e-12     2.801692e-12     6.04739e-16      
1w     0.13     0.0     0.13     0.0     0.0     2.305619e-12     -4.61187e-12     2.305619e-12     6.665865e-16     
1w     0.14     0.0     0.14     0.0     0.0     1.744847e-12     -3.49043e-12     1.744847e-12     7.305561e-16     
1w     0.15     0.0     0.15     0.0     0.0     1.178296e-12     -2.35734e-12     1.178296e-12     7.967982e-16     
1w     0.16     0.0     0.16     0.0     0.0     8.556303e-13     -1.71219e-12     8.556303e-13     8.655029e-16     
1w     0.17     0.0     0.17     0.0     0.0     1.243272e-12     -2.48768e-12     1.243272e-12     9.369118e-16     
1w     0.18     0.0     0.18     0.0     0.0     2.120675e-12     -4.24227e-12     2.120675e-12     1.011332e-15     
1w     0.19     0.0     0.19     0.0     0.0     3.234626e-12     -6.47027e-12     3.234626e-12     1.089154e-15     
1w     0.2      0.0     0.2      0.0     0.0     4.529071e-12     -9.0592e-12      4.529071e-12     1.170871e-15     
1w     0.21     0.0     0.21     0.0     0.0     5.994435e-12     -1.19901e-11     5.994435e-12     1.257106e-15     
1w     0.22     0.0     0.22     0.0     0.0     7.633425e-12     -1.52681e-11     7.633425e-12     1.34864e-15      
1w     0.23     0.0     0.23     0.0     0.0     9.454086e-12     -1.89095e-11     9.454086e-12     1.446447e-15     
1w     0.24     0.0     0.24     0.0     0.0     1.146849e-11     -2.29385e-11     1.146849e-11     1.551738e-15     
1w     0.25     0.0     0.25     0.0     0.0     1.369319e-11     -2.73881e-11     1.369319e-11     1.666003e-15     
1w     0.26     0.0     0.26     0.0     0.0     1.615075e-11     -3.2303e-11      1.615075e-11     1.791072e-15     
1w     0.27     0.0     0.27     0.0     0.0     1.887214e-11     -3.77465e-11     1.887214e-11     1.929179e-15     
1w     0.28     0.0     0.28     0.0     0.0     2.190028e-11     -4.38027e-11     2.190028e-11     2.08304e-15      
1w     0.29     0.0     0.29     0.0     0.0     2.529475e-11     -5.05915e-11     2.529475e-11     2.255943e-15     
1w     0.3      0.0     0.3      0.0     0.0     2.913746e-11     -5.82774e-11     2.913746e-11     2.45186e-15      
1w     0.31     0.0     0.31     0.0     0.0     3.353868e-11     -6.70801e-11     3.353868e-11     2.675579e-15     
1w     0.32     0.0     0.32     0.0     0.0     3.864145e-11     -7.7286e-11      3.864145e-11     2.932861e-15     
1w     0.33     0.0     0.33     0.0     0.0     4.462111e-11     -8.92455e-11     4.462111e-11     3.230635e-15     
1w     0.34     0.0     0.34     0.0     0.0     5.167646e-11     -1.03356e-10     5.167646e-11     3.577229e-15     
1w     0.35     0.0     0.35     0.0     0.0     6.001005e-11     -1.20024e-10     6.001005e-11     3.982647e-15     
1w     0.36     0.0     0.36     0.0     0.0     6.9801e-11       -1.39607e-10     6.9801e-11       4.458913e-15     
1w     0.37     0.0     0.37     0.0     0.0     8.11796e-11      -1.62364e-10     8.11796e-11      5.020468e-15     
1w     0.38     0.0     0.38     0.0     0.0     9.421457e-11     -1.88435e-10     9.421457e-11     5.684657e-15     
1w     0.39     0.0     0.39     0.0     0.0     1.089182e-10     -2.17843e-10     1.089182e-10     6.472308e-15     
1w     0.4      0.0     0.4      0.0     0.0     1.252648e-10     -2.50537e-10     1.252648e-10     7.408418e-15     
1w     0.41     0.0     0.41     0.0     0.0     1.432124e-10     -2.86433e-10     1.432124e-10     8.522971e-15     
1w     0.42     0.0     0.42     0.0     0.0     1.627203e-10     -3.25451e-10     1.627203e-10     9.851912e-15     
1w     0.43     0.0     0.43     0.0     0.0     1.837598e-10     -3.67531e-10     1.837598e-10     1.14383e-14      
1w     0.44     0.0     0.44     0.0     0.0     2.063178e-10     -4.12649e-10     2.063178e-10     1.333367e-14     
1w     0.45     0.0     0.45     0.0     0.0     2.30397e-10      -4.60809e-10     2.30397e-10      1.559967e-14     
1w     0.46     0.0     0.46     0.0     0.0     2.560136e-10     -5.12046e-10     2.560136e-10     1.830997e-14     
1w     0.47     0.0     0.47     0.0     0.0     2.831954e-10     -5.66412e-10     2.831954e-10     2.155255e-14     
1w     0.48     0.0     0.48     0.0     0.0     3.119785e-10     -6.23982e-10     3.119785e-10     2.54324e-14      
1w     0.49     0.0     0.49     0.0     0.0     3.424059e-10     -6.84842e-10     3.424059e-10     3.007475e-14     
1w     0.5      0.0     0.5      0.0     0.0     3.745253e-10     -7.49086e-10     3.745253e-10     3.562885e-14     
1w     0.51     0.0     0.51     0.0     0.0     4.083887e-10     -8.1682e-10      4.083887e-10     4.22725e-14      
1w     0.52     0.0     0.52     0.0     0.0     4.440507e-10     -8.88152e-10     4.440507e-10     5.02174e-14      
1w     0.53     0.0     0.53     0.0     0.0     4.815687e-10     -9.63197e-10     4.815687e-10     5.971554e-14     
1w     0.54     0.0     0.54     0.0     0.0     5.210022e-10     -1.04208e-09     5.210022e-10     7.106667e-14     
1w     0.55     0.0     0.55     0.0     0.0     5.624123e-10     -1.12491e-09     5.624123e-10     8.462731e-14     
1w     0.56     0.0     0.56     0.0     0.0     6.058623e-10     -1.21183e-09     6.058623e-10     1.008213e-13     
1w     0.57     0.0     0.57     0.0     0.0     6.514168e-10     -1.30295e-09     6.514168e-10     1.201524e-13     
1w     0.58     0.0     0.58     0.0     0.0     6.991423e-10     -1.39843e-09     6.991423e-10     1.432192e-13     
1w     0.59     0.0     0.59     0.0     0.0     7.491071e-10     -1.49838e-09     7.491071e-10     1.707328e-13     
1w     0.6      0.0     0.6      0.0     0.0     8.013811e-10     -1.60297e-09     8.013811e-10     2.035376e-13     
1w     0.61     0.0     0.61     0.0     0.0     8.56036e-10      -1.71232e-09     8.56036e-10      2.426363e-13     
1w     0.62     0.0     0.62     0.0     0.0     9.131454e-10     -1.82658e-09     9.131454e-10     2.892193e-13     
1w     0.63     0.0     0.63     0.0     0.0     9.727849e-10     -1.94591e-09     9.727849e-10     3.446994e-13     
1w     0.64     0.0     0.64     0.0     0.0     1.035032e-09     -2.07047e-09     1.035032e-09     4.107531e-13     
1w     0.65     0.0     0.65     0.0     0.0     1.099966e-09     -2.20042e-09     1.099966e-09     4.893693e-13     
1w     0.66     0.0     0.66     0.0     0.0     1.167669e-09     -2.33592e-09     1.167669e-09     5.829075e-13     
1w     0.67     0.0     0.67     0.0     0.0     1.238225e-09     -2.47714e-09     1.238225e-09     6.94166e-13      
1w     0.68     0.0     0.68     0.0     0.0     1.31172e-09      -2.62427e-09     1.31172e-09      8.264631e-13     
1w     0.69     0.0     0.69     0.0     0.0     1.388241e-09     -2.77747e-09     1.388241e-09     9.837328e-13     
1w     0.7      0.0     0.7      0.0     0.0     1.46788e-09      -2.93693e-09     1.46788e-09      1.170639e-12     
1w     0.71     0.0     0.71     0.0     0.0     1.55073e-09      -3.10285e-09     1.55073e-09      1.392708e-12     
1w     0.72     0.0     0.72     0.0     0.0     1.636886e-09     -3.27543e-09     1.636886e-09     1.656491e-12     
1w     0.73     0.0     0.73     0.0     0.0     1.726446e-09     -3.45486e-09     1.726446e-09     1.969747e-12     
1w     0.74     0.0     0.74     0.0     0.0     1.819512e-09     -3.64136e-09     1.819512e-09     2.341671e-12     
1w     0.75     0.0     0.75     0.0     0.0     1.916185e-09     -3.83515e-09     1.916185e-09     2.78315e-12      
1w     0.76     0.0     0.76     0.0     0.0     2.016572e-09     -4.03645e-09     2.016572e-09     3.307079e-12     
1w     0.77     0.0     0.77     0.0     0.0     2.120781e-09     -4.24549e-09     2.120781e-09     3.928726e-12     
1w     0.78     0.0     0.78     0.0     0.0     2.228924e-09     -4.46251e-09     2.228924e-09     4.666164e-12     
1w     0.79     0.0     0.79     0.0     0.0     2.341115e-09     -4.68777e-09     2.341115e-09     5.540785e-12     
1w     0.8      0.0     0.8      0.0     0.0     2.457471e-09     -4.92152e-09     2.457471e-09     6.577903e-12     
1w     0.81     0.0     0.81     0.0     0.0     2.578113e-09     -5.16403e-09     2.578113e-09     7.807467e-12     
1w     0.82     0.0     0.82     0.0     0.0     2.703162e-09     -5.41559e-09     2.703162e-09     9.264903e-12     
1w     0.83     0.0     0.83     0.0     0.0     2.832747e-09     -5.67649e-09     2.832747e-09     1.099211e-11     
1w     0.84     0.0     0.84     0.0     0.0     2.966995e-09     -5.94703e-09     2.966995e-09     1.303861e-11     
1w     0.85     0.0     0.85     0.0     0.0     3.10604e-09      -6.22754e-09     3.10604e-09      1.546297e-11     
1w     0.86     0.0     0.86     0.0     0.0     3.250017e-09     -6.51837e-09     3.250017e-09     1.833437e-11     
1w     0.87     0.0     0.87     0.0     0.0     3.399066e-09     -6.81987e-09     3.399066e-09     2.173455e-11     
1w     0.88     0.0     0.88     0.0     0.0     3.55333e-09      -7.13242e-09     3.55333e-09      2.576003e-11     
1w     0.89     0.0     0.89     0.0     0.0     3.712955e-09     -7.45643e-09     3.712955e-09     3.052476e-11     
1w     0.9      0.0     0.9      0.0     0.0     3.87809e-09      -7.79234e-09     3.87809e-09      3.616323e-11     
2w     0.01     0.0     0.01     0.0     0.0     2.433599e-12     -4.8673e-12      2.433599e-12     1.023285e-16     
2w     0.02     0.0     0.02     0.0     0.0     4.477683e-12     -8.95557e-12     4.477683e-12     2.083605e-16     
2w     0.03     0.0     0.03     0.0     0.0     6.148325e-12     -1.2297e-11      6.148325e-12     3.180529e-16     
2w     0.04     0.0     0.04     0.0     0.0     7.461178e-12     -1.49228e-11     7.461178e-12     4.314781e-16     
2w     0.05     0.0     0.05     0.0     0.0     8.431511e-12     -1.68636e-11     8.431511e-12     5.487131e-16     
2w     0.06     0.0     0.06     0.0     0.0     9.074252e-12     -1.81491e-11     9.074252e-12     6.698403e-16     
2w     0.07     0.0     0.07     0.0     0.0     9.404056e-12     -1.88089e-11     9.404056e-12     7.949502e-16     
2w     0.08     0.0     0.08     0.0     0.0     9.435407e-12     -1.88717e-11     9.435407e-12     9.241434e-16     
2w     0.09     0.0     0.09     0.0     0.0     9.182802e-12     -1.83667e-11     9.182802e-12     1.057534e-15     
2w     0.1      0.0     0.1      0.0     0.0     8.661094e-12     -1.73234e-11     8.661094e-12     1.195256e-15     
2w     0.11     0.0     0.11     0.0     0.0     7.886216e-12     -1.57738e-11     7.886216e-12     1.337468e-15     
2w     0.12     0.0     0.12     0.0     0.0     6.876879e-12     -1.37553e-11     6.876879e-12     1.484359e-15     
2w     0.13     0.0     0.13     0.0     0.0     5.659248e-12     -1.13202e-11     5.659248e-12     1.636167e-15     
2w     0.14     0.0     0.14     0.0     0.0     4.282807e-12     -8.56742e-12     4.282807e-12     1.793183e-15     
2w     0.15     0.0     0.15     0.0     0.0     2.892181e-12     -5.78632e-12     2.892181e-12     1.955777e-15     
2w     0.16     0.0     0.16     0.0     0.0     2.100184e-12     -4.20242e-12     2.100184e-12     2.124416e-15     
2w     0.17     0.0     0.17     0.0     0.0     3.051669e-12     -6.10567e-12     3.051669e-12     2.299693e-15     
2w     0.18     0.0     0.18     0.0     0.0     5.205292e-12     -1.0413e-11      5.205292e-12     2.482361e-15     
2w     0.19     0.0     0.19     0.0     0.0     7.939537e-12     -1.58818e-11     7.939537e-12     2.673378e-15     
2w     0.2      0.0     0.2      0.0     0.0     1.111681e-11     -2.22364e-11     1.111681e-11     2.873956e-15     
2w     0.21     0.0     0.21     0.0     0.0     1.471361e-11     -2.94304e-11     1.471361e-11     3.085623e-15     
2w     0.22     0.0     0.22     0.0     0.0     1.873659e-11     -3.74765e-11     1.873659e-11     3.310297e-15     
2w     0.23     0.0     0.23     0.0     0.0     2.320548e-11     -4.64144e-11     2.320548e-11     3.55037e-15      
2w     0.24     0.0     0.24     0.0     0.0     2.814992e-11     -5.63036e-11     2.814992e-11     3.808811e-15     
2w     0.25     0.0     0.25     0.0     0.0     3.361056e-11     -6.72252e-11     3.361056e-11     4.089279e-15     
2w     0.26     0.0     0.26     0.0     0.0     3.964274e-11     -7.92899e-11     3.964274e-11     4.396267e-15     
2w     0.27     0.0     0.27     0.0     0.0     4.632252e-11     -9.26497e-11     4.632252e-11     4.735258e-15     
2w     0.28     0.0     0.28     0.0     0.0     5.375524e-11     -1.07516e-10     5.375524e-11     5.112916e-15     
2w     0.29     0.0     0.29     0.0     0.0     6.208711e-11     -1.2418e-10      6.208711e-11     5.537314e-15     
2w     0.3      0.0     0.3      0.0     0.0     7.151921e-11     -1.43045e-10     7.151921e-11     6.018202e-15     
2w     0.31     0.0     0.31     0.0     0.0     8.232222e-11     -1.64651e-10     8.232222e-11     6.567329e-15     
2w     0.32     0.0     0.32     0.0     0.0     9.484719e-11     -1.89702e-10     9.484719e-11     7.19884e-15      
2w     0.33     0.0     0.33     0.0     0.0     1.095246e-10     -2.19057e-10     1.095246e-10     7.929741e-15     
2w     0.34     0.0     0.34     0.0     0.0     1.268422e-10     -2.53693e-10     1.268422e-10     8.78047e-15      
2w     0.35     0.0     0.35     0.0     0.0     1.472974e-10     -2.94605e-10     1.472974e-10     9.775589e-15     
2w     0.36     0.0     0.36     0.0     0.0     1.713297e-10     -3.4267e-10      1.713297e-10     1.094461e-14     
2w     0.37     0.0     0.37     0.0     0.0     1.99259e-10      -3.9853e-10      1.99259e-10      1.232297e-14     
2w     0.38     0.0     0.38     0.0     0.0     2.312539e-10     -4.62522e-10     2.312539e-10     1.395325e-14     
2w     0.39     0.0     0.39     0.0     0.0     2.673448e-10     -5.34706e-10     2.673448e-10     1.588657e-14     
2w     0.4      0.0     0.4      0.0     0.0     3.074682e-10     -6.14954e-10     3.074682e-10     1.81843e-14      
2w     0.41     0.0     0.41     0.0     0.0     3.515213e-10     -7.03063e-10     3.515213e-10     2.092002e-14     
2w     0.42     0.0     0.42     0.0     0.0     3.994045e-10     -7.98833e-10     3.994045e-10     2.418196e-14     
2w     0.43     0.0     0.43     0.0     0.0     4.510469e-10     -9.02122e-10     4.510469e-10     2.807582e-14     
2w     0.44     0.0     0.44     0.0     0.0     5.064165e-10     -1.01287e-09     5.064165e-10     3.27281e-14      
2w     0.45     0.0     0.45     0.0     0.0     5.655198e-10     -1.13108e-09     5.655198e-10     3.82901e-14      
2w     0.46     0.0     0.46     0.0     0.0     6.283971e-10     -1.25684e-09     6.283971e-10     4.494265e-14     
2w     0.47     0.0     0.47     0.0     0.0     6.95116e-10      -1.39028e-09     6.95116e-10      5.290171e-14     
2w     0.48     0.0     0.48     0.0     0.0     7.657655e-10     -1.53159e-09     7.657655e-10     6.242498e-14     
2w     0.49     0.0     0.49     0.0     0.0     8.404508e-10     -1.68098e-09     8.404508e-10     7.381984e-14     
2w     0.5      0.0     0.5      0.0     0.0     9.192895e-10     -1.83867e-09     9.192895e-10     8.745263e-14     
2w     0.51     0.0     0.51     0.0     0.0     1.002409e-09     -2.00492e-09     1.002409e-09     1.037598e-13     
2w     0.52     0.0     0.52     0.0     0.0     1.089943e-09     -2.18001e-09     1.089943e-09     1.232609e-13     
2w     0.53     0.0     0.53     0.0     0.0     1.182032e-09     -2.36421e-09     1.182032e-09     1.465745e-13     
2w     0.54     0.0     0.54     0.0     0.0     1.278824e-09     -2.55782e-09     1.278824e-09     1.744364e-13     
2w     0.55     0.0     0.55     0.0     0.0     1.380467e-09     -2.76114e-09     1.380467e-09     2.077216e-13     
2w     0.56     0.0     0.56     0.0     0.0     1.487117e-09     -2.97448e-09     1.487117e-09     2.474705e-13     
2w     0.57     0.0     0.57     0.0     0.0     1.598932e-09     -3.19816e-09     1.598932e-09     2.949196e-13     
2w     0.58     0.0     0.58     0.0     0.0     1.716077e-09     -3.4325e-09      1.716077e-09     3.515381e-13     
2w     0.59     0.0     0.59     0.0     0.0     1.838717e-09     -3.67785e-09     1.838717e-09     4.190714e-13     
2w     0.6      0.0     0.6      0.0     0.0     1.967026e-09     -3.93455e-09     1.967026e-09     4.995922e-13     
2w     0.61     0.0     0.61     0.0     0.0     2.101179e-09     -4.20295e-09     2.101179e-09     5.955619e-13     
2w     0.62     0.0     0.62     0.0     0.0     2.241357e-09     -4.48342e-09     2.241357e-09     7.09902e-13      
2w     0.63     0.0     0.63     0.0     0.0     2.387745e-09     -4.77634e-09     2.387745e-09     8.460804e-13     
2w     0.64     0.0     0.64     0.0     0.0     2.540533e-09     -5.08207e-09     2.540533e-09     1.008212e-12     
2w     0.65     0.0     0.65     0.0     0.0     2.699917e-09     -5.40104e-09     2.699917e-09     1.201179e-12     
2w     0.66     0.0     0.66     0.0     0.0     2.866098e-09     -5.73363e-09     2.866098e-09     1.430773e-12     
2w     0.67     0.0     0.67     0.0     0.0     3.03928e-09      -6.08026e-09     3.03928e-09      1.703862e-12     
2w     0.68     0.0     0.68     0.0     0.0     3.219675e-09     -6.44138e-09     3.219675e-09     2.028591e-12     
2w     0.69     0.0     0.69     0.0     0.0     3.407501e-09     -6.81742e-09     3.407501e-09     2.414617e-12     
2w     0.7      0.0     0.7      0.0     0.0     3.602978e-09     -7.20883e-09     3.602978e-09     2.873386e-12     
2w     0.71     0.0     0.71     0.0     0.0     3.806337e-09     -7.61609e-09     3.806337e-09     3.418465e-12     
2w     0.72     0.0     0.72     0.0     0.0     4.017811e-09     -8.03969e-09     4.017811e-09     4.065932e-12     
2w     0.73     0.0     0.73     0.0     0.0     4.237641e-09     -8.48012e-09     4.237641e-09     4.834834e-12     
2w     0.74     0.0     0.74     0.0     0.0     4.466074e-09     -8.9379e-09      4.466074e-09     5.747737e-12     
2w     0.75     0.0     0.75     0.0     0.0     4.703362e-09     -9.41356e-09     4.703362e-09     6.831368e-12     
2w     0.76     0.0     0.76     0.0     0.0     4.949767e-09     -9.90765e-09     4.949767e-09     8.117376e-12     
2w     0.77     0.0     0.77     0.0     0.0     5.205553e-09     -1.04207e-08     5.205553e-09     9.643236e-12     
2w     0.78     0.0     0.78     0.0     0.0     5.470995e-09     -1.09534e-08     5.470995e-09     1.145331e-11     
2w     0.79     0.0     0.79     0.0     0.0     5.746373e-09     -1.15063e-08     5.746373e-09     1.360011e-11     
2w     0.8      0.0     0.8      0.0     0.0     6.031975e-09     -1.20801e-08     6.031975e-09     1.614576e-11     
2w     0.81     0.0     0.81     0.0     0.0     6.328094e-09     -1.26754e-08     6.328094e-09     1.916378e-11     
2w     0.82     0.0     0.82     0.0     0.0     6.635035e-09     -1.32928e-08     6.635035e-09     2.274112e-11     
2w     0.83     0.0     0.83     0.0     0.0     6.953105e-09     -1.39332e-08     6.953105e-09     2.698063e-11     
2w     0.84     0.0     0.84     0.0     0.0     7.282623e-09     -1.45973e-08     7.282623e-09     3.200387e-11     
2w     0.85     0.0     0.85     0.0     0.0     7.623915e-09     -1.52858e-08     7.623915e-09     3.795457e-11     
2w     0.86     0.0     0.86     0.0     0.0     7.977314e-09     -1.59996e-08     7.977314e-09     4.500255e-11     
2w     0.87     0.0     0.87     0.0     0.0     8.343162e-09     -1.67397e-08     8.343162e-09     5.334843e-11     
2w     0.88     0.0     0.88     0.0     0.0     8.721809e-09     -1.75068e-08     8.721809e-09     6.322915e-11     
2w     0.89     0.0     0.89     0.0     0.0     9.113615e-09     -1.83022e-08     9.113615e-09     7.492441e-11     
2w     0.9      0.0     0.9      0.0     0.0     9.518948e-09     -1.91267e-08     9.518948e-09     8.876428e-11     
3w     0.01     0.0     0.01     0.0     0.0     3.875731e-12     -7.75162e-12     3.875731e-12     1.629676e-16     
3w     0.02     0.0     0.02     0.0     0.0     7.131126e-12     -1.42626e-11     7.131126e-12     3.318335e-16     
3w     0.03     0.0     0.03     0.0     0.0     9.791778e-12     -1.95841e-11     9.791778e-12     5.065287e-16     
3w     0.04     0.0     0.04     0.0     0.0     1.188262e-11     -2.37659e-11     1.188262e-11     6.871689e-16     
3w     0.05     0.0     0.05     0.0     0.0     1.342796e-11     -2.68568e-11     1.342796e-11     8.738764e-16     
3w     0.06     0.0     0.06     0.0     0.0     1.445159e-11     -2.89043e-11     1.445159e-11     1.066783e-15     
3w     0.07     0.0     0.07     0.0     0.0     1.497683e-11     -2.99549e-11     1.497683e-11     1.266032e-15     
3w     0.08     0.0     0.08     0.0     0.0     1.502676e-11     -3.0055e-11      1.502676e-11     1.471784e-15     
3w     0.09     0.0     0.09     0.0     0.0     1.462446e-11     -2.92506e-11     1.462446e-11     1.684222e-15     
3w     0.1      0.0     0.1      0.0     0.0     1.379359e-11     -2.75891e-11     1.379359e-11     1.903557e-15     
3w     0.11     0.0     0.11     0.0     0.0     1.255953e-11     -2.51212e-11     1.255953e-11     2.130041e-15     
3w     0.12     0.0     0.12     0.0     0.0     1.095207e-11     -2.19065e-11     1.095207e-11     2.36398e-15      
3w     0.13     0.0     0.13     0.0     0.0     9.012876e-12     -1.80284e-11     9.012876e-12     2.605747e-15     
3w     0.14     0.0     0.14     0.0     0.0     6.820767e-12     -1.36444e-11     6.820767e-12     2.85581e-15      
3w     0.15     0.0     0.15     0.0     0.0     4.606066e-12     -9.21521e-12     4.606066e-12     3.114757e-15     
3w     0.16     0.0     0.16     0.0     0.0     3.344737e-12     -6.69284e-12     3.344737e-12     3.38333e-15      
3w     0.17     0.0     0.17     0.0     0.0     4.860065e-12     -9.72378e-12     4.860065e-12     3.662473e-15     
3w     0.18     0.0     0.18     0.0     0.0     8.28991e-12      -1.65837e-11     8.28991e-12      3.953389e-15     
3w     0.19     0.0     0.19     0.0     0.0     1.264445e-11     -2.52932e-11     1.264445e-11     4.257602e-15     
3w     0.2      0.0     0.2      0.0     0.0     1.770455e-11     -3.54137e-11     1.770455e-11     4.577041e-15     
3w     0.21     0.0     0.21     0.0     0.0     2.343279e-11     -4.68705e-11     2.343279e-11     4.91414e-15      
3w     0.22     0.0     0.22     0.0     0.0     2.983975e-11     -5.96848e-11     2.983975e-11     5.271955e-15     
3w     0.23     0.0     0.23     0.0     0.0     3.695688e-11     -7.39194e-11     3.695688e-11     5.654293e-15     
3w     0.24     0.0     0.24     0.0     0.0     4.483135e-11     -8.96688e-11     4.483135e-11     6.065883e-15     
3w     0.25     0.0     0.25     0.0     0.0     5.352792e-11     -1.07062e-10     5.352792e-11     6.512555e-15     
3w     0.26     0.0     0.26     0.0     0.0     6.313474e-11     -1.26276e-10     6.313474e-11     7.001462e-15     
3w     0.27     0.0     0.27     0.0     0.0     7.37729e-11      -1.47553e-10     7.37729e-11      7.541336e-15     
3w     0.28     0.0     0.28     0.0     0.0     8.56102e-11      -1.71228e-10     8.56102e-11      8.142792e-15     
3w     0.29     0.0     0.29     0.0     0.0     9.887946e-11     -1.97768e-10     9.887946e-11     8.818685e-15     
3w     0.3      0.0     0.3      0.0     0.0     1.13901e-10      -2.27812e-10     1.13901e-10      9.584543e-15     
3w     0.31     0.0     0.31     0.0     0.0     1.311058e-10     -2.62222e-10     1.311058e-10     1.045908e-14     
3w     0.32     0.0     0.32     0.0     0.0     1.510529e-10     -3.02117e-10     1.510529e-10     1.146482e-14     
3w     0.33     0.0     0.33     0.0     0.0     1.74428e-10      -3.48869e-10     1.74428e-10      1.262885e-14     
3w     0.34     0.0     0.34     0.0     0.0     2.02008e-10      -4.0403e-10      2.02008e-10      1.398371e-14     
3w     0.35     0.0     0.35     0.0     0.0     2.345847e-10     -4.69185e-10     2.345847e-10     1.556853e-14     
3w     0.36     0.0     0.36     0.0     0.0     2.728585e-10     -5.45734e-10     2.728585e-10     1.74303e-14      
3w     0.37     0.0     0.37     0.0     0.0     3.173384e-10     -6.34697e-10     3.173384e-10     1.962547e-14     
3w     0.38     0.0     0.38     0.0     0.0     3.682933e-10     -7.36609e-10     3.682933e-10     2.222184e-14     
3w     0.39     0.0     0.39     0.0     0.0     4.257713e-10     -8.51568e-10     4.257713e-10     2.530084e-14     
3w     0.4      0.0     0.4      0.0     0.0     4.896716e-10     -9.79372e-10     4.896716e-10     2.896018e-14     
3w     0.41     0.0     0.41     0.0     0.0     5.598302e-10     -1.11969e-09     5.598302e-10     3.331707e-14     
3w     0.42     0.0     0.42     0.0     0.0     6.360886e-10     -1.27222e-09     6.360886e-10     3.851202e-14     
3w     0.43     0.0     0.43     0.0     0.0     7.183339e-10     -1.43671e-09     7.183339e-10     4.471335e-14     
3w     0.44     0.0     0.44     0.0     0.0     8.065151e-10     -1.61308e-09     8.065151e-10     5.212253e-14     
3w     0.45     0.0     0.45     0.0     0.0     9.006426e-10     -1.80135e-09     9.006426e-10     6.098053e-14     
3w     0.46     0.0     0.46     0.0     0.0     1.000781e-09     -2.00163e-09     1.000781e-09     7.157533e-14     
3w     0.47     0.0     0.47     0.0     0.0     1.107037e-09     -2.21416e-09     1.107037e-09     8.425087e-14     
3w     0.48     0.0     0.48     0.0     0.0     1.219552e-09     -2.4392e-09      1.219552e-09     9.941757e-14     
3w     0.49     0.0     0.49     0.0     0.0     1.338496e-09     -2.67711e-09     1.338496e-09     1.175649e-13     
3w     0.5      0.0     0.5      0.0     0.0     1.464054e-09     -2.92825e-09     1.464054e-09     1.392764e-13     
3w     0.51     0.0     0.51     0.0     0.0     1.596428e-09     -3.19302e-09     1.596428e-09     1.65247e-13      
3w     0.52     0.0     0.52     0.0     0.0     1.735835e-09     -3.47187e-09     1.735835e-09     1.963044e-13     
3w     0.53     0.0     0.53     0.0     0.0     1.882496e-09     -3.76523e-09     1.882496e-09     2.334335e-13     
3w     0.54     0.0     0.54     0.0     0.0     2.036645e-09     -4.07357e-09     2.036645e-09     2.778061e-13     
3w     0.55     0.0     0.55     0.0     0.0     2.198521e-09     -4.39737e-09     2.198521e-09     3.308158e-13     
3w     0.56     0.0     0.56     0.0     0.0     2.368371e-09     -4.73714e-09     2.368371e-09     3.941196e-13     
3w     0.57     0.0     0.57     0.0     0.0     2.546447e-09     -5.09336e-09     2.546447e-09     4.696867e-13     
3w     0.58     0.0     0.58     0.0     0.0     2.733011e-09     -5.46658e-09     2.733011e-09     5.598569e-13     
3w     0.59     0.0     0.59     0.0     0.0     2.928328e-09     -5.85732e-09     2.928328e-09     6.674099e-13     
3w     0.6      0.0     0.6      0.0     0.0     3.132671e-09     -6.26614e-09     3.132671e-09     7.956469e-13     
3w     0.61     0.0     0.61     0.0     0.0     3.346322e-09     -6.69359e-09     3.346322e-09     9.484874e-13     
3w     0.62     0.0     0.62     0.0     0.0     3.569568e-09     -7.14027e-09     3.569568e-09     1.130585e-12     
3w     0.63     0.0     0.63     0.0     0.0     3.802705e-09     -7.60676e-09     3.802705e-09     1.347461e-12     
3w     0.64     0.0     0.64     0.0     0.0     4.046034e-09     -8.09367e-09     4.046034e-09     1.605671e-12     
3w     0.65     0.0     0.65     0.0     0.0     4.299868e-09     -8.60165e-09     4.299868e-09     1.912989e-12     
3w     0.66     0.0     0.66     0.0     0.0     4.564526e-09     -9.13133e-09     4.564526e-09     2.278638e-12     
3w     0.67     0.0     0.67     0.0     0.0     4.840334e-09     -9.68338e-09     4.840334e-09     2.713558e-12     
3w     0.68     0.0     0.68     0.0     0.0     5.127631e-09     -1.02585e-08     5.127631e-09     3.230719e-12     
3w     0.69     0.0     0.69     0.0     0.0     5.42676e-09      -1.08574e-08     5.42676e-09      3.845501e-12     
3w     0.7      0.0     0.7      0.0     0.0     5.738076e-09     -1.14807e-08     5.738076e-09     4.576133e-12     
3w     0.71     0.0     0.71     0.0     0.0     6.061944e-09     -1.21293e-08     6.061944e-09     5.444222e-12     
3w     0.72     0.0     0.72     0.0     0.0     6.398736e-09     -1.28039e-08     6.398736e-09     6.475373e-12     
3w     0.73     0.0     0.73     0.0     0.0     6.748836e-09     -1.35054e-08     6.748836e-09     7.699921e-12     
3w     0.74     0.0     0.74     0.0     0.0     7.112636e-09     -1.42344e-08     7.112636e-09     9.153803e-12     
3w     0.75     0.0     0.75     0.0     0.0     7.49054e-09      -1.4992e-08      7.49054e-09      1.087958e-11     
3w     0.76     0.0     0.76     0.0     0.0     7.882961e-09     -1.57789e-08     7.882961e-09     1.292767e-11     
3w     0.77     0.0     0.77     0.0     0.0     8.290325e-09     -1.6596e-08      8.290325e-09     1.535775e-11     
3w     0.78     0.0     0.78     0.0     0.0     8.713066e-09     -1.74444e-08     8.713066e-09     1.824046e-11     
3w     0.79     0.0     0.79     0.0     0.0     9.151631e-09     -1.83249e-08     9.151631e-09     2.165943e-11     
3w     0.8      0.0     0.8      0.0     0.0     9.606478e-09     -1.92387e-08     9.606478e-09     2.571361e-11     
3w     0.81     0.0     0.81     0.0     0.0     1.007808e-08     -2.01867e-08     1.007808e-08     3.052009e-11     
3w     0.82     0.0     0.82     0.0     0.0     1.056691e-08     -2.117e-08       1.056691e-08     3.621734e-11     
3w     0.83     0.0     0.83     0.0     0.0     1.107346e-08     -2.21899e-08     1.107346e-08     4.296914e-11     
3w     0.84     0.0     0.84     0.0     0.0     1.159825e-08     -2.32475e-08     1.159825e-08     5.096912e-11     
3w     0.85     0.0     0.85     0.0     0.0     1.214179e-08     -2.4344e-08      1.214179e-08     6.044615e-11     
3w     0.86     0.0     0.86     0.0     0.0     1.270461e-08     -2.54809e-08     1.270461e-08     7.167071e-11     
3w     0.87     0.0     0.87     0.0     0.0     1.328726e-08     -2.66595e-08     1.328726e-08     8.49623e-11      
3w     0.88     0.0     0.88     0.0     0.0     1.389029e-08     -2.78813e-08     1.389029e-08     1.006983e-10     
3w     0.89     0.0     0.89     0.0     0.0     1.451428e-08     -2.91479e-08     1.451428e-08     1.19324e-10      
3w     0.9      0.0     0.9      0.0     0.0     1.515981e-08     -3.0461e-08      1.515981e-08     1.413653e-10     
4w     0.01     0.0     0.01     0.0     0.0     5.317863e-12     -1.0636e-11      5.317863e-12     2.236067e-16     
4w     0.02     0.0     0.02     0.0     0.0     9.784568e-12     -1.95696e-11     9.784568e-12     4.553064e-16     
4w     0.03     0.0     0.03     0.0     0.0     1.343523e-11     -2.68712e-11     1.343523e-11     6.950045e-16     
4w     0.04     0.0     0.04     0.0     0.0     1.630406e-11     -3.2609e-11      1.630406e-11     9.428596e-16     
4w     0.05     0.0     0.05     0.0     0.0     1.842441e-11     -3.685e-11       1.842441e-11     1.19904e-15      
4w     0.06     0.0     0.06     0.0     0.0     1.982892e-11     -3.96593e-11     1.982892e-11     1.463725e-15     
4w     0.07     0.0     0.07     0.0     0.0     2.05496e-11      -4.11009e-11     2.05496e-11      1.737113e-15     
4w     0.08     0.0     0.08     0.0     0.0     2.061811e-11     -4.12383e-11     2.061811e-11     2.019425e-15     
4w     0.09     0.0     0.09     0.0     0.0     2.006612e-11     -4.01345e-11     2.006612e-11     2.310909e-15     
4w     0.1      0.0     0.1      0.0     0.0     1.892609e-11     -3.78548e-11     1.892609e-11     2.611857e-15     
4w     0.11     0.0     0.11     0.0     0.0     1.723284e-11     -3.44686e-11     1.723284e-11     2.922615e-15     
4w     0.12     0.0     0.12     0.0     0.0     1.502725e-11     -3.00577e-11     1.502725e-11     3.2436e-15       
4w     0.13     0.0     0.13     0.0     0.0     1.23665e-11      -2.47366e-11     1.23665e-11      3.575328e-15     
4w     0.14     0.0     0.14     0.0     0.0     9.358727e-12     -1.87214e-11     9.358727e-12     3.918437e-15     
4w     0.15     0.0     0.15     0.0     0.0     6.31995e-12      -1.26442e-11     6.31995e-12      4.273736e-15     
4w     0.16     0.0     0.16     0.0     0.0     4.58929e-12      -9.18321e-12     4.58929e-12      4.642243e-15     
4w     0.17     0.0     0.17     0.0     0.0     6.668461e-12     -1.3342e-11      6.668461e-12     5.025254e-15     
4w     0.18     0.0     0.18     0.0     0.0     1.137453e-11     -2.27545e-11     1.137453e-11     5.424418e-15     
4w     0.19     0.0     0.19     0.0     0.0     1.734936e-11     -3.47046e-11     1.734936e-11     5.841825e-15     
4w     0.2      0.0     0.2      0.0     0.0     2.429229e-11     -4.85909e-11     2.429229e-11     6.280126e-15     
4w     0.21     0.0     0.21     0.0     0.0     3.215197e-11     -6.43107e-11     3.215197e-11     6.742658e-15     
4w     0.22     0.0     0.22     0.0     0.0     4.094292e-11     -8.18931e-11     4.094292e-11     7.233612e-15     
4w     0.23     0.0     0.23     0.0     0.0     5.070828e-11     -1.01424e-10     5.070828e-11     7.758217e-15     
4w     0.24     0.0     0.24     0.0     0.0     6.151279e-11     -1.23034e-10     6.151279e-11     8.322956e-15     
4w     0.25     0.0     0.25     0.0     0.0     7.344529e-11     -1.46899e-10     7.344529e-11     8.935832e-15     
4w     0.26     0.0     0.26     0.0     0.0     8.662673e-11     -1.73263e-10     8.662673e-11     9.606657e-15     
4w     0.27     0.0     0.27     0.0     0.0     1.012233e-10     -2.02457e-10     1.012233e-10     1.034741e-14     
4w     0.28     0.0     0.28     0.0     0.0     1.174652e-10     -2.34941e-10     1.174652e-10     1.117267e-14     
4w     0.29     0.0     0.29     0.0     0.0     1.356718e-10     -2.71356e-10     1.356718e-10     1.210006e-14     
4w     0.3      0.0     0.3      0.0     0.0     1.562827e-10     -3.12579e-10     1.562827e-10     1.315088e-14     
4w     0.31     0.0     0.31     0.0     0.0     1.798893e-10     -3.59793e-10     1.798893e-10     1.435083e-14     
4w     0.32     0.0     0.32     0.0     0.0     2.072587e-10     -4.14533e-10     2.072587e-10     1.57308e-14      
4w     0.33     0.0     0.33     0.0     0.0     2.393314e-10     -4.7868e-10      2.393314e-10     1.732795e-14     
4w     0.34     0.0     0.34     0.0     0.0     2.771738e-10     -5.54367e-10     2.771738e-10     1.918695e-14     
4w     0.35     0.0     0.35     0.0     0.0     3.218721e-10     -6.43765e-10     3.218721e-10     2.136147e-14     
4w     0.36     0.0     0.36     0.0     0.0     3.743872e-10     -7.48798e-10     3.743872e-10     2.391599e-14     
4w     0.37     0.0     0.37     0.0     0.0     4.354178e-10     -8.70863e-10     4.354178e-10     2.692796e-14     
4w     0.38     0.0     0.38     0.0     0.0     5.053327e-10     -1.0107e-09      5.053327e-10     3.049043e-14     
4w     0.39     0.0     0.39     0.0     0.0     5.841978e-10     -1.16843e-09     5.841978e-10     3.471511e-14     
4w     0.4      0.0     0.4      0.0     0.0     6.71875e-10      -1.34379e-09     6.71875e-10      3.973606e-14     
4w     0.41     0.0     0.41     0.0     0.0     7.681392e-10     -1.53632e-09     7.681392e-10     4.571412e-14     
4w     0.42     0.0     0.42     0.0     0.0     8.727727e-10     -1.7456e-09      8.727727e-10     5.284207e-14     
4w     0.43     0.0     0.43     0.0     0.0     9.856209e-10     -1.9713e-09      9.856209e-10     6.135087e-14     
4w     0.44     0.0     0.44     0.0     0.0     1.106614e-09     -2.2133e-09      1.106614e-09     7.151696e-14     
4w     0.45     0.0     0.45     0.0     0.0     1.235765e-09     -2.47161e-09     1.235765e-09     8.367096e-14     
4w     0.46     0.0     0.46     0.0     0.0     1.373164e-09     -2.74643e-09     1.373164e-09     9.820801e-14     
4w     0.47     0.0     0.47     0.0     0.0     1.518957e-09     -3.03803e-09     1.518957e-09     1.156e-13        
4w     0.48     0.0     0.48     0.0     0.0     1.673339e-09     -3.34682e-09     1.673339e-09     1.364101e-13     
4w     0.49     0.0     0.49     0.0     0.0     1.836541e-09     -3.67324e-09     1.836541e-09     1.6131e-13       
4w     0.5      0.0     0.5      0.0     0.0     2.008818e-09     -4.01783e-09     2.008818e-09     1.911002e-13     
4w     0.51     0.0     0.51     0.0     0.0     2.190448e-09     -4.38112e-09     2.190448e-09     2.267343e-13     
4w     0.52     0.0     0.52     0.0     0.0     2.381726e-09     -4.76372e-09     2.381726e-09     2.693479e-13     
4w     0.53     0.0     0.53     0.0     0.0     2.58296e-09      -5.16624e-09     2.58296e-09      3.202924e-13     
4w     0.54     0.0     0.54     0.0     0.0     2.794466e-09     -5.58931e-09     2.794466e-09     3.811757e-13     
4w     0.55     0.0     0.55     0.0     0.0     3.016575e-09     -6.0336e-09      3.016575e-09     4.539101e-13     
4w     0.56     0.0     0.56     0.0     0.0     3.249625e-09     -6.49979e-09     3.249625e-09     5.407687e-13     
4w     0.57     0.0     0.57     0.0     0.0     3.493963e-09     -6.98857e-09     3.493963e-09     6.444538e-13     
4w     0.58     0.0     0.58     0.0     0.0     3.749945e-09     -7.50066e-09     3.749945e-09     7.681757e-13     
4w     0.59     0.0     0.59     0.0     0.0     4.017938e-09     -8.03679e-09     4.017938e-09     9.157485e-13     
4w     0.6      0.0     0.6      0.0     0.0     4.298316e-09     -8.59772e-09     4.298316e-09     1.091701e-12     
4w     0.61     0.0     0.61     0.0     0.0     4.591465e-09     -9.18423e-09     4.591465e-09     1.301413e-12     
4w     0.62     0.0     0.62     0.0     0.0     4.89778e-09      -9.79711e-09     4.89778e-09      1.551267e-12     
4w     0.63     0.0     0.63     0.0     0.0     5.217664e-09     -1.04372e-08     5.217664e-09     1.848842e-12     
4w     0.64     0.0     0.64     0.0     0.0     5.551535e-09     -1.11053e-08     5.551535e-09     2.20313e-12      
4w     0.65     0.0     0.65     0.0     0.0     5.899819e-09     -1.18023e-08     5.899819e-09     2.624798e-12     
4w     0.66     0.0     0.66     0.0     0.0     6.262953e-09     -1.2529e-08      6.262953e-09     3.126503e-12     
4w     0.67     0.0     0.67     0.0     0.0     6.641389e-09     -1.32865e-08     6.641389e-09     3.723253e-12     
4w     0.68     0.0     0.68     0.0     0.0     7.035586e-09     -1.40756e-08     7.035586e-09     4.432846e-12     
4w     0.69     0.0     0.69     0.0     0.0     7.446019e-09     -1.48973e-08     7.446019e-09     5.276384e-12     
4w     0.7      0.0     0.7      0.0     0.0     7.873174e-09     -1.57526e-08     7.873174e-09     6.278879e-12     
4w     0.71     0.0     0.71     0.0     0.0     8.317551e-09     -1.66426e-08     8.317551e-09     7.469978e-12     
4w     0.72     0.0     0.72     0.0     0.0     8.779661e-09     -1.75682e-08     8.779661e-09     8.884812e-12     
4w     0.73     0.0     0.73     0.0     0.0     9.26003e-09      -1.85306e-08     9.26003e-09      1.056501e-11     
4w     0.74     0.0     0.74     0.0     0.0     9.759197e-09     -1.9531e-08      9.759197e-09     1.255987e-11     
4w     0.75     0.0     0.75     0.0     0.0     1.027772e-08     -2.05704e-08     1.027772e-08     1.49278e-11      
4w     0.76     0.0     0.76     0.0     0.0     1.081616e-08     -2.165e-08       1.081616e-08     1.773797e-11     
4w     0.77     0.0     0.77     0.0     0.0     1.13751e-08      -2.27713e-08     1.13751e-08      2.107225e-11     
4w     0.78     0.0     0.78     0.0     0.0     1.195514e-08     -2.39353e-08     1.195514e-08     2.50276e-11      
4w     0.79     0.0     0.79     0.0     0.0     1.255689e-08     -2.51435e-08     1.255689e-08     2.971874e-11     
4w     0.8      0.0     0.8      0.0     0.0     1.318098e-08     -2.63972e-08     1.318098e-08     3.528146e-11     
4w     0.81     0.0     0.81     0.0     0.0     1.382806e-08     -2.7698e-08      1.382806e-08     4.187639e-11     
4w     0.82     0.0     0.82     0.0     0.0     1.449878e-08     -2.90472e-08     1.449878e-08     4.969355e-11     
4w     0.83     0.0     0.83     0.0     0.0     1.519382e-08     -3.04466e-08     1.519382e-08     5.895764e-11     
4w     0.84     0.0     0.84     0.0     0.0     1.591388e-08     -3.18977e-08     1.591388e-08     6.993435e-11     
4w     0.85     0.0     0.85     0.0     0.0     1.665966e-08     -3.34023e-08     1.665966e-08     8.293772e-11     
4w     0.86     0.0     0.86     0.0     0.0     1.743191e-08     -3.49622e-08     1.743191e-08     9.833886e-11     
4w     0.87     0.0     0.87     0.0     0.0     1.823135e-08     -3.65793e-08     1.823135e-08     1.165762e-10     
4w     0.88     0.0     0.88     0.0     0.0     1.905877e-08     -3.82557e-08     1.905877e-08     1.381673e-10     
4w     0.89     0.0     0.89     0.0     0.0     1.991494e-08     -3.99936e-08     1.991494e-08     1.637236e-10     
4w     0.9      0.0     0.9      0.0     0.0     2.080066e-08     -4.17953e-08     2.080066e-08     1.939663e-10     
6w     0.01     0.0     0.01     0.0     0.0     8.202128e-12     -1.64046e-11     8.202128e-12     3.448849e-16     
6w     0.02     0.0     0.02     0.0     0.0     1.509145e-11     -3.01836e-11     1.509145e-11     7.022522e-16     
6w     0.03     0.0     0.03     0.0     0.0     2.072213e-11     -4.14453e-11     2.072213e-11     1.071956e-15     
6w     0.04     0.0     0.04     0.0     0.0     2.514693e-11     -5.02953e-11     2.514693e-11     1.454241e-15     
6w     0.05     0.0     0.05     0.0     0.0     2.841731e-11     -5.68365e-11     2.841731e-11     1.849366e-15     
6w     0.06     0.0     0.06     0.0     0.0     3.058359e-11     -6.11694e-11     3.058359e-11     2.25761e-15      
6w     0.07     0.0     0.07     0.0     0.0     3.169515e-11     -6.3393e-11      3.169515e-11     2.679277e-15     
6w     0.08     0.0     0.08     0.0     0.0     3.180082e-11     -6.36047e-11     3.180082e-11     3.114706e-15     
6w     0.09     0.0     0.09     0.0     0.0     3.094944e-11     -6.19024e-11     3.094944e-11     3.564283e-15     
6w     0.1      0.0     0.1      0.0     0.0     2.919109e-11     -5.83862e-11     2.919109e-11     4.028457e-15     
6w     0.11     0.0     0.11     0.0     0.0     2.657947e-11     -5.31634e-11     2.657947e-11     4.507761e-15     
6w     0.12     0.0     0.12     0.0     0.0     2.317763e-11     -4.63603e-11     2.317763e-11     5.002841e-15     
6w     0.13     0.0     0.13     0.0     0.0     1.907376e-11     -3.8153e-11      1.907376e-11     5.514488e-15     
6w     0.14     0.0     0.14     0.0     0.0     1.443465e-11     -2.88753e-11     1.443465e-11     6.043692e-15     
6w     0.15     0.0     0.15     0.0     0.0     9.74772e-12      -1.9502e-11      9.74772e-12      6.591694e-15     
6w     0.16     0.0     0.16     0.0     0.0     7.078396e-12     -1.41639e-11     7.078396e-12     7.160069e-15     
6w     0.17     0.0     0.17     0.0     0.0     1.028525e-11     -2.05782e-11     1.028525e-11     7.750816e-15     
6w     0.18     0.0     0.18     0.0     0.0     1.754376e-11     -3.50959e-11     1.754376e-11     8.366475e-15     
6w     0.19     0.0     0.19     0.0     0.0     2.675918e-11     -5.35274e-11     2.675918e-11     9.010273e-15     
6w     0.2      0.0     0.2      0.0     0.0     3.746777e-11     -7.49452e-11     3.746777e-11     9.686295e-15     
6w     0.21     0.0     0.21     0.0     0.0     4.959033e-11     -9.9191e-11      4.959033e-11     1.039969e-14     
6w     0.22     0.0     0.22     0.0     0.0     6.314924e-11     -1.2631e-10      6.314924e-11     1.115693e-14     
6w     0.23     0.0     0.23     0.0     0.0     7.821107e-11     -1.56434e-10     7.821107e-11     1.196606e-14     
6w     0.24     0.0     0.24     0.0     0.0     9.487565e-11     -1.89764e-10     9.487565e-11     1.28371e-14      
6w     0.25     0.0     0.25     0.0     0.0     1.1328e-10       -2.26574e-10     1.1328e-10       1.378238e-14     
6w     0.26     0.0     0.26     0.0     0.0     1.336107e-10     -2.67236e-10     1.336107e-10     1.481705e-14     
6w     0.27     0.0     0.27     0.0     0.0     1.56124e-10      -3.12264e-10     1.56124e-10      1.595957e-14     
6w     0.28     0.0     0.28     0.0     0.0     1.811751e-10     -3.62367e-10     1.811751e-10     1.723242e-14     
6w     0.29     0.0     0.29     0.0     0.0     2.092565e-10     -4.18532e-10     2.092565e-10     1.86628e-14      
6w     0.3      0.0     0.3      0.0     0.0     2.410462e-10     -4.82113e-10     2.410462e-10     2.028357e-14     
6w     0.31     0.0     0.31     0.0     0.0     2.774564e-10     -5.54935e-10     2.774564e-10     2.213433e-14     
6w     0.32     0.0     0.32     0.0     0.0     3.196701e-10     -6.39365e-10     3.196701e-10     2.426276e-14     
6w     0.33     0.0     0.33     0.0     0.0     3.691383e-10     -7.38303e-10     3.691383e-10     2.672616e-14     
6w     0.34     0.0     0.34     0.0     0.0     4.275053e-10     -8.5504e-10      4.275053e-10     2.959344e-14     
6w     0.35     0.0     0.35     0.0     0.0     4.964467e-10     -9.92926e-10     4.964467e-10     3.294736e-14     
6w     0.36     0.0     0.36     0.0     0.0     5.774446e-10     -1.15493e-09     5.774446e-10     3.688737e-14     
6w     0.37     0.0     0.37     0.0     0.0     6.715766e-10     -1.34319e-09     6.715766e-10     4.153296e-14     
6w     0.38     0.0     0.38     0.0     0.0     7.794114e-10     -1.55887e-09     7.794114e-10     4.702762e-14     
6w     0.39     0.0     0.39     0.0     0.0     9.010508e-10     -1.80216e-09     9.010508e-10     5.354364e-14     
6w     0.4      0.0     0.4      0.0     0.0     1.036282e-09     -2.07262e-09     1.036282e-09     6.128782e-14     
6w     0.41     0.0     0.41     0.0     0.0     1.184757e-09     -2.36958e-09     1.184757e-09     7.050821e-14     
6w     0.42     0.0     0.42     0.0     0.0     1.346141e-09     -2.69236e-09     1.346141e-09     8.150217e-14     
6w     0.43     0.0     0.43     0.0     0.0     1.520195e-09     -3.04048e-09     1.520195e-09     9.462592e-14     
6w     0.44     0.0     0.44     0.0     0.0     1.706811e-09     -3.41373e-09     1.706811e-09     1.103058e-13     
6w     0.45     0.0     0.45     0.0     0.0     1.906011e-09     -3.81215e-09     1.906011e-09     1.290518e-13     
6w     0.46     0.0     0.46     0.0     0.0     2.117931e-09     -4.23601e-09     2.117931e-09     1.514734e-13     
6w     0.47     0.0     0.47     0.0     0.0     2.342798e-09     -4.68577e-09     2.342798e-09     1.782983e-13     
6w     0.48     0.0     0.48     0.0     0.0     2.580913e-09     -5.16204e-09     2.580913e-09     2.103953e-13     
6w     0.49     0.0     0.49     0.0     0.0     2.83263e-09      -5.66551e-09     2.83263e-09      2.488002e-13     
6w     0.5      0.0     0.5      0.0     0.0     3.098346e-09     -6.19699e-09     3.098346e-09     2.947477e-13     
6w     0.51     0.0     0.51     0.0     0.0     3.378488e-09     -6.75733e-09     3.378488e-09     3.497088e-13     
6w     0.52     0.0     0.52     0.0     0.0     3.67351e-09      -7.34744e-09     3.67351e-09      4.154348e-13     
6w     0.53     0.0     0.53     0.0     0.0     3.983887e-09     -7.96827e-09     3.983887e-09     4.940103e-13     
6w     0.54     0.0     0.54     0.0     0.0     4.310109e-09     -8.62081e-09     4.310109e-09     5.879151e-13     
6w     0.55     0.0     0.55     0.0     0.0     4.652683e-09     -9.30607e-09     4.652683e-09     7.000985e-13     
6w     0.56     0.0     0.56     0.0     0.0     5.012133e-09     -1.00251e-08     5.012133e-09     8.340669e-13     
6w     0.57     0.0     0.57     0.0     0.0     5.388993e-09     -1.0779e-08      5.388993e-09     9.939879e-13     
6w     0.58     0.0     0.58     0.0     0.0     5.783813e-09     -1.15688e-08     5.783813e-09     1.184813e-12     
6w     0.59     0.0     0.59     0.0     0.0     6.197158e-09     -1.23957e-08     6.197158e-09     1.412425e-12     
6w     0.6      0.0     0.6      0.0     0.0     6.629606e-09     -1.32609e-08     6.629606e-09     1.68381e-12      
6w     0.61     0.0     0.61     0.0     0.0     7.081751e-09     -1.41655e-08     7.081751e-09     2.007263e-12     
6w     0.62     0.0     0.62     0.0     0.0     7.554202e-09     -1.51108e-08     7.554202e-09     2.392632e-12     
6w     0.63     0.0     0.63     0.0     0.0     8.047583e-09     -1.6098e-08      8.047583e-09     2.851603e-12     
6w     0.64     0.0     0.64     0.0     0.0     8.562536e-09     -1.71285e-08     8.562536e-09     3.398047e-12     
6w     0.65     0.0     0.65     0.0     0.0     9.09972e-09      -1.82035e-08     9.09972e-09      4.048417e-12     
6w     0.66     0.0     0.66     0.0     0.0     9.659809e-09     -1.93244e-08     9.659809e-09     4.822232e-12     
6w     0.67     0.0     0.67     0.0     0.0     1.02435e-08      -2.04927e-08     1.02435e-08      5.742643e-12     
6w     0.68     0.0     0.68     0.0     0.0     1.08515e-08      -2.17098e-08     1.08515e-08      6.8371e-12       
6w     0.69     0.0     0.69     0.0     0.0     1.148454e-08     -2.29772e-08     1.148454e-08     8.138149e-12     
6w     0.7      0.0     0.7      0.0     0.0     1.214337e-08     -2.42964e-08     1.214337e-08     9.684369e-12     
6w     0.71     0.0     0.71     0.0     0.0     1.282876e-08     -2.5669e-08      1.282876e-08     1.152149e-11     
6w     0.72     0.0     0.72     0.0     0.0     1.354151e-08     -2.70967e-08     1.354151e-08     1.370369e-11     
6w     0.73     0.0     0.73     0.0     0.0     1.428242e-08     -2.85811e-08     1.428242e-08     1.629517e-11     
6w     0.74     0.0     0.74     0.0     0.0     1.505232e-08     -3.0124e-08      1.505232e-08     1.937199e-11     
6w     0.75     0.0     0.75     0.0     0.0     1.585207e-08     -3.17272e-08     1.585207e-08     2.302422e-11     
6w     0.76     0.0     0.76     0.0     0.0     1.668254e-08     -3.33924e-08     1.668254e-08     2.735854e-11     
6w     0.77     0.0     0.77     0.0     0.0     1.754464e-08     -3.51218e-08     1.754464e-08     3.250125e-11     
6w     0.78     0.0     0.78     0.0     0.0     1.843928e-08     -3.69172e-08     1.843928e-08     3.860187e-11     
6w     0.79     0.0     0.79     0.0     0.0     1.93674e-08      -3.87806e-08     1.93674e-08      4.583736e-11     
6w     0.8      0.0     0.8      0.0     0.0     2.032998e-08     -4.07144e-08     2.032998e-08     5.441714e-11     
6w     0.81     0.0     0.81     0.0     0.0     2.132802e-08     -4.27206e-08     2.132802e-08     6.458898e-11     
6w     0.82     0.0     0.82     0.0     0.0     2.236252e-08     -4.48017e-08     2.236252e-08     7.664594e-11     
6w     0.83     0.0     0.83     0.0     0.0     2.343453e-08     -4.696e-08       2.343453e-08     9.093461e-11     
6w     0.84     0.0     0.84     0.0     0.0     2.454513e-08     -4.91981e-08     2.454513e-08     1.078648e-10     
6w     0.85     0.0     0.85     0.0     0.0     2.569541e-08     -5.15187e-08     2.569541e-08     1.279208e-10     
6w     0.86     0.0     0.86     0.0     0.0     2.688649e-08     -5.39247e-08     2.688649e-08     1.516751e-10     
6w     0.87     0.0     0.87     0.0     0.0     2.811954e-08     -5.64189e-08     2.811954e-08     1.798038e-10     
6w     0.88     0.0     0.88     0.0     0.0     2.939572e-08     -5.90045e-08     2.939572e-08     2.131054e-10     
6w     0.89     0.0     0.89     0.0     0.0     3.071625e-08     -6.1685e-08      3.071625e-08     2.525227e-10     
6w     0.9      0.0     0.9      0.0     0.0     3.208237e-08     -6.44639e-08     3.208237e-08     2.991681e-10     
8w     0.01     0.0     0.01     0.0     0.0     1.108639e-11     -2.21733e-11     1.108639e-11     4.661632e-16     
8w     0.02     0.0     0.02     0.0     0.0     2.039834e-11     -4.07976e-11     2.039834e-11     9.49198e-16      
8w     0.03     0.0     0.03     0.0     0.0     2.800904e-11     -5.60195e-11     2.800904e-11     1.448908e-15     
8w     0.04     0.0     0.04     0.0     0.0     3.398981e-11     -6.79816e-11     3.398981e-11     1.965623e-15     
8w     0.05     0.0     0.05     0.0     0.0     3.841022e-11     -7.68229e-11     3.841022e-11     2.499693e-15     
8w     0.06     0.0     0.06     0.0     0.0     4.133826e-11     -8.26796e-11     4.133826e-11     3.051495e-15     
8w     0.07     0.0     0.07     0.0     0.0     4.28407e-11      -8.5685e-11      4.28407e-11      3.62144e-15      
8w     0.08     0.0     0.08     0.0     0.0     4.298352e-11     -8.59713e-11     4.298352e-11     4.209987e-15     
8w     0.09     0.0     0.09     0.0     0.0     4.183276e-11     -8.36703e-11     4.183276e-11     4.817657e-15     
8w     0.1      0.0     0.1      0.0     0.0     3.945609e-11     -7.89176e-11     3.945609e-11     5.445057e-15     
8w     0.11     0.0     0.11     0.0     0.0     3.592609e-11     -7.18583e-11     3.592609e-11     6.092908e-15     
8w     0.12     0.0     0.12     0.0     0.0     3.132801e-11     -6.26628e-11     3.132801e-11     6.762082e-15     
8w     0.13     0.0     0.13     0.0     0.0     2.578102e-11     -5.15695e-11     2.578102e-11     7.453649e-15     
8w     0.14     0.0     0.14     0.0     0.0     1.951057e-11     -3.90293e-11     1.951057e-11     8.168946e-15     
8w     0.15     0.0     0.15     0.0     0.0     1.317549e-11     -2.63599e-11     1.317549e-11     8.909653e-15     
8w     0.16     0.0     0.16     0.0     0.0     9.567503e-12     -1.91447e-11     9.567503e-12     9.677896e-15     
8w     0.17     0.0     0.17     0.0     0.0     1.390205e-11     -2.78146e-11     1.390205e-11     1.047638e-14     
8w     0.18     0.0     0.18     0.0     0.0     2.3713e-11       -4.74373e-11     2.3713e-11       1.130853e-14     
8w     0.19     0.0     0.19     0.0     0.0     3.6169e-11       -7.23502e-11     3.6169e-11       1.217872e-14     
8w     0.2      0.0     0.2      0.0     0.0     5.064325e-11     -1.013e-10       5.064325e-11     1.309247e-14     
8w     0.21     0.0     0.21     0.0     0.0     6.702868e-11     -1.34071e-10     6.702868e-11     1.405673e-14     
8w     0.22     0.0     0.22     0.0     0.0     8.535557e-11     -1.70726e-10     8.535557e-11     1.508024e-14     
8w     0.23     0.0     0.23     0.0     0.0     1.057139e-10     -2.11444e-10     1.057139e-10     1.617391e-14     
8w     0.24     0.0     0.24     0.0     0.0     1.282385e-10     -2.56494e-10     1.282385e-10     1.735125e-14     
8w     0.25     0.0     0.25     0.0     0.0     1.531148e-10     -3.06248e-10     1.531148e-10     1.862894e-14     
8w     0.26     0.0     0.26     0.0     0.0     1.805947e-10     -3.61209e-10     1.805947e-10     2.002744e-14     
8w     0.27     0.0     0.27     0.0     0.0     2.110248e-10     -4.22071e-10     2.110248e-10     2.157173e-14     
8w     0.28     0.0     0.28     0.0     0.0     2.44885e-10      -4.89793e-10     2.44885e-10      2.329217e-14     
8w     0.29     0.0     0.29     0.0     0.0     2.828413e-10     -5.65708e-10     2.828413e-10     2.522554e-14     
8w     0.3      0.0     0.3      0.0     0.0     3.258097e-10     -6.51647e-10     3.258097e-10     2.741625e-14     
8w     0.31     0.0     0.31     0.0     0.0     3.750235e-10     -7.50077e-10     3.750235e-10     2.991783e-14     
8w     0.32     0.0     0.32     0.0     0.0     4.320816e-10     -8.64196e-10     4.320816e-10     3.279472e-14     
8w     0.33     0.0     0.33     0.0     0.0     4.989452e-10     -9.97926e-10     4.989452e-10     3.612437e-14     
8w     0.34     0.0     0.34     0.0     0.0     5.778368e-10     -1.15571e-09     5.778368e-10     3.999992e-14     
8w     0.35     0.0     0.35     0.0     0.0     6.710214e-10     -1.34209e-09     6.710214e-10     4.453324e-14     
8w     0.36     0.0     0.36     0.0     0.0     7.805021e-10     -1.56105e-09     7.805021e-10     4.985876e-14     
8w     0.37     0.0     0.37     0.0     0.0     9.077354e-10     -1.81553e-09     9.077354e-10     5.613796e-14     
8w     0.38     0.0     0.38     0.0     0.0     1.05349e-09      -2.10704e-09     1.05349e-09      6.35648e-14      
8w     0.39     0.0     0.39     0.0     0.0     1.217904e-09     -2.43588e-09     1.217904e-09     7.237217e-14     
8w     0.4      0.0     0.4      0.0     0.0     1.400688e-09     -2.80146e-09     1.400688e-09     8.283958e-14     
8w     0.41     0.0     0.41     0.0     0.0     1.601375e-09     -3.20284e-09     1.601375e-09     9.53023e-14      
8w     0.42     0.0     0.42     0.0     0.0     1.819509e-09     -3.63913e-09     1.819509e-09     1.101623e-13     
8w     0.43     0.0     0.43     0.0     0.0     2.054769e-09     -4.10967e-09     2.054769e-09     1.27901e-13      
8w     0.44     0.0     0.44     0.0     0.0     2.307008e-09     -4.61417e-09     2.307008e-09     1.490947e-13     
8w     0.45     0.0     0.45     0.0     0.0     2.576257e-09     -5.15269e-09     2.576257e-09     1.744327e-13     
8w     0.46     0.0     0.46     0.0     0.0     2.862698e-09     -5.7256e-09      2.862698e-09     2.047387e-13     
8w     0.47     0.0     0.47     0.0     0.0     3.166639e-09     -6.33352e-09     3.166639e-09     2.409966e-13     
8w     0.48     0.0     0.48     0.0     0.0     3.488487e-09     -6.97726e-09     3.488487e-09     2.843804e-13     
8w     0.49     0.0     0.49     0.0     0.0     3.82872e-09      -7.65778e-09     3.82872e-09      3.362903e-13     
8w     0.5      0.0     0.5      0.0     0.0     4.187874e-09     -8.37615e-09     4.187874e-09     3.983952e-13     
8w     0.51     0.0     0.51     0.0     0.0     4.566527e-09     -9.13353e-09     4.566527e-09     4.726832e-13     
8w     0.52     0.0     0.52     0.0     0.0     4.965294e-09     -9.93115e-09     4.965294e-09     5.615217e-13     
8w     0.53     0.0     0.53     0.0     0.0     5.384813e-09     -1.07703e-08     5.384813e-09     6.677281e-13     
8w     0.54     0.0     0.54     0.0     0.0     5.825751e-09     -1.16523e-08     5.825751e-09     7.946543e-13     
8w     0.55     0.0     0.55     0.0     0.0     6.288791e-09     -1.25785e-08     6.288791e-09     9.462868e-13     
8w     0.56     0.0     0.56     0.0     0.0     6.774641e-09     -1.35504e-08     6.774641e-09     1.127365e-12     
8w     0.57     0.0     0.57     0.0     0.0     7.284023e-09     -1.45694e-08     7.284023e-09     1.343522e-12     
8w     0.58     0.0     0.58     0.0     0.0     7.817681e-09     -1.5637e-08      7.817681e-09     1.60145e-12      
8w     0.59     0.0     0.59     0.0     0.0     8.376378e-09     -1.67547e-08     8.376378e-09     1.909102e-12     
8w     0.6      0.0     0.6      0.0     0.0     8.960896e-09     -1.79241e-08     8.960896e-09     2.275919e-12     
8w     0.61     0.0     0.61     0.0     0.0     9.572036e-09     -1.91468e-08     9.572036e-09     2.713114e-12     
8w     0.62     0.0     0.62     0.0     0.0     1.021062e-08     -2.04245e-08     1.021062e-08     3.233996e-12     
8w     0.63     0.0     0.63     0.0     0.0     1.08775e-08      -2.17589e-08     1.08775e-08      3.854364e-12     
8w     0.64     0.0     0.64     0.0     0.0     1.157354e-08     -2.31517e-08     1.157354e-08     4.592963e-12     
8w     0.65     0.0     0.65     0.0     0.0     1.229962e-08     -2.46047e-08     1.229962e-08     5.472034e-12     
8w     0.66     0.0     0.66     0.0     0.0     1.305666e-08     -2.61198e-08     1.305666e-08     6.51796e-12      
8w     0.67     0.0     0.67     0.0     0.0     1.38456e-08      -2.7699e-08      1.38456e-08      7.762031e-12     
8w     0.68     0.0     0.68     0.0     0.0     1.46674e-08      -2.93441e-08     1.46674e-08      9.241351e-12     
8w     0.69     0.0     0.69     0.0     0.0     1.552305e-08     -3.10571e-08     1.552305e-08     1.099991e-11     
8w     0.7      0.0     0.7      0.0     0.0     1.641356e-08     -3.28402e-08     1.641356e-08     1.308986e-11     
8w     0.71     0.0     0.71     0.0     0.0     1.733997e-08     -3.46955e-08     1.733997e-08     1.557299e-11     
8w     0.72     0.0     0.72     0.0     0.0     1.830336e-08     -3.66252e-08     1.830336e-08     1.852256e-11     
8w     0.73     0.0     0.73     0.0     0.0     1.93048e-08      -3.86316e-08     1.93048e-08      2.202533e-11     
8w     0.74     0.0     0.74     0.0     0.0     2.034544e-08     -4.07171e-08     2.034544e-08     2.61841e-11      
8w     0.75     0.0     0.75     0.0     0.0     2.142642e-08     -4.2884e-08      2.142642e-08     3.112063e-11     
8w     0.76     0.0     0.76     0.0     0.0     2.254893e-08     -4.51348e-08     2.254893e-08     3.697911e-11     
8w     0.77     0.0     0.77     0.0     0.0     2.371418e-08     -4.74723e-08     2.371418e-08     4.393024e-11     
8w     0.78     0.0     0.78     0.0     0.0     2.492341e-08     -4.9899e-08      2.492341e-08     5.217612e-11     
8w     0.79     0.0     0.79     0.0     0.0     2.617791e-08     -5.24178e-08     2.617791e-08     6.195595e-11     
8w     0.8      0.0     0.8      0.0     0.0     2.747898e-08     -5.50315e-08     2.747898e-08     7.355278e-11     
8w     0.81     0.0     0.81     0.0     0.0     2.882797e-08     -5.77432e-08     2.882797e-08     8.730151e-11     
8w     0.82     0.0     0.82     0.0     0.0     3.022625e-08     -6.05561e-08     3.022625e-08     1.035983e-10     
8w     0.83     0.0     0.83     0.0     0.0     3.167524e-08     -6.34734e-08     3.167524e-08     1.229115e-10     
8w     0.84     0.0     0.84     0.0     0.0     3.317638e-08     -6.64985e-08     3.317638e-08     1.457951e-10     
8w     0.85     0.0     0.85     0.0     0.0     3.473115e-08     -6.96352e-08     3.473115e-08     1.729038e-10     
8w     0.86     0.0     0.86     0.0     0.0     3.634108e-08     -7.28872e-08     3.634108e-08     2.050111e-10     
8w     0.87     0.0     0.87     0.0     0.0     3.800771e-08     -7.62585e-08     3.800771e-08     2.430312e-10     
8w     0.88     0.0     0.88     0.0     0.0     3.973266e-08     -7.97534e-08     3.973266e-08     2.880432e-10     
8w     0.89     0.0     0.89     0.0     0.0     4.151755e-08     -8.33764e-08     4.151755e-08     3.413214e-10     
8w     0.9      0.0     0.9      0.0     0.0     4.336407e-08     -8.71325e-08     4.336407e-08     4.043696e-10     
