 2.50000000e+01  1.00000000e-02  2.50000000e+01  1.00000000e-02  2.50000000e+01  0.00000000e+00  2.50000000e+01  0.00000000e+00  2.50000000e+01  0.00000000e+00  2.50000000e+01 -7.54345684e-11  2.50000000e+01  1.15688388e-12  2.50000000e+01  7.42776845e-11  2.50000000e+01 -3.30647696e-20 
 2.50000000e+01  2.00000000e-02  2.50000000e+01  2.00000000e-02  2.50000000e+01  0.00000000e+00  2.50000000e+01  0.00000000e+00  2.50000000e+01  0.00000000e+00  2.50000000e+01 -1.35858532e-10  2.50000000e+01  2.48610229e-12  2.50000000e+01  1.33372429e-10  2.50000000e+01 -2.07206903e-20 
 2.50000000e+01  3.00000000e-02  2.50000000e+01  3.00000000e-02  2.50000000e+01  0.00000000e+00  2.50000000e+01  0.00000000e+00  2.50000000e+01  0.00000000e+00  2.50000000e+01 -1.82630363e-10  2.50000000e+01  3.99476752e-12  2.50000000e+01  1.78635596e-10  2.50000000e+01 -7.13561878e-21 
 2.50000000e+01  4.00000000e-02  2.50000000e+01  4.00000000e-02  2.50000000e+01  0.00000000e+00  2.50000000e+01  0.00000000e+00  2.50000000e+01  0.00000000e+00  2.50000000e+01 -2.18153164e-10  2.50000000e+01  5.69019500e-12  2.50000000e+01  2.12462969e-10  2.50000000e+01  8.83940068e-21 
 2.50000000e+01  5.00000000e-02  2.50000000e+01  5.00000000e-02  2.50000000e+01  0.00000000e+00  2.50000000e+01  0.00000000e+00  2.50000000e+01  0.00000000e+00  2.50000000e+01 -2.45491412e-10  2.50000000e+01  7.57990979e-12  2.50000000e+01  2.37911502e-10  2.50000000e+01  2.77744523e-20 
 2.50000000e+01  6.00000000e-02  2.50000000e+01  6.00000000e-02  2.50000000e+01  0.00000000e+00  2.50000000e+01  0.00000000e+00  2.50000000e+01  0.00000000e+00  2.50000000e+01 -2.67570897e-10  2.50000000e+01  9.67165283e-12  2.50000000e+01  2.57899244e-10  2.50000000e+01  4.97581885e-20 
 2.50000000e+01  7.00000000e-02  2.50000000e+01  7.00000000e-02  2.50000000e+01  0.00000000e+00  2.50000000e+01  0.00000000e+00  2.50000000e+01  0.00000000e+00  2.50000000e+01 -2.86601172e-10  2.50000000e+01  1.19733871e-11  2.50000000e+01  2.74627785e-10  2.50000000e+01  7.46428167e-20 
 2.50000000e+01  8.00000000e-02  2.50000000e+01  8.00000000e-02  2.50000000e+01  0.00000000e+00  2.50000000e+01  0.00000000e+00  2.50000000e+01  0.00000000e+00  2.50000000e+01 -3.04013748e-10  2.50000000e+01  1.44933035e-11  2.50000000e+01  2.89520444e-10  2.50000000e+01  1.02250710e-19 
 2.50000000e+01  9.00000000e-02  2.50000000e+01  9.00000000e-02  2.50000000e+01  0.00000000e+00  2.50000000e+01  0.00000000e+00  2.50000000e+01  0.00000000e+00  2.50000000e+01 -3.20671399e-10  2.50000000e+01  1.72398275e-11  2.50000000e+01  3.03431572e-10  2.50000000e+01  1.32461296e-19 
 2.50000000e+01  1.00000000e-01  2.50000000e+01  1.00000000e-01  2.50000000e+01  0.00000000e+00  2.50000000e+01  0.00000000e+00  2.50000000e+01  0.00000000e+00  2.50000000e+01 -3.37087874e-10  2.50000000e+01  2.02216245e-11  2.50000000e+01  3.16866249e-10  2.50000000e+01  1.65221731e-19 
 2.50000000e+01  1.10000000e-01  2.50000000e+01  1.10000000e-01  2.50000000e+01  0.00000000e+00  2.50000000e+01  0.00000000e+00  2.50000000e+01  0.00000000e+00  2.50000000e+01 -3.53576736e-10  2.50000000e+01  2.34476068e-11  2.50000000e+01  3.30129129e-10  2.50000000e+01  2.00533024e-19 
 2.50000000e+01  1.20000000e-01  2.50000000e+01  1.20000000e-01  2.50000000e+01  0.00000000e+00  2.50000000e+01  0.00000000e+00  2.50000000e+01  0.00000000e+00  2.50000000e+01 -3.70338151e-10  2.50000000e+01  2.69269391e-11  2.50000000e+01  3.43411211e-10  2.50000000e+01  2.38434596e-19 
 2.50000000e+01  1.30000000e-01  2.50000000e+01  1.30000000e-01  2.50000000e+01  0.00000000e+00  2.50000000e+01  0.00000000e+00  2.50000000e+01  0.00000000e+00  2.50000000e+01 -3.87507152e-10  2.50000000e+01  3.06690458e-11  2.50000000e+01  3.56838106e-10  2.50000000e+01  2.78992920e-19 
 2.50000000e+01  1.40000000e-01  2.50000000e+01  1.40000000e-01  2.50000000e+01  0.00000000e+00  2.50000000e+01  0.00000000e+00  2.50000000e+01  0.00000000e+00  2.50000000e+01 -4.05180445e-10  2.50000000e+01  3.46836167e-11  2.50000000e+01  3.70496828e-10  2.50000000e+01  3.22294158e-19 
 2.50000000e+01  1.50000000e-01  2.50000000e+01  1.50000000e-01  2.50000000e+01  0.00000000e+00  2.50000000e+01  0.00000000e+00  2.50000000e+01  0.00000000e+00  2.50000000e+01 -4.23431573e-10  2.50000000e+01  3.89806140e-11  2.50000000e+01  3.84450959e-10  2.50000000e+01  3.68439583e-19 
 2.50000000e+01  1.60000000e-01  2.50000000e+01  1.60000000e-01  2.50000000e+01  0.00000000e+00  2.50000000e+01  0.00000000e+00  2.50000000e+01  0.00000000e+00  2.50000000e+01 -4.42319741e-10  2.50000000e+01  4.35702791e-11  2.50000000e+01  3.98749461e-10  2.50000000e+01  4.17542778e-19 
 2.50000000e+01  1.70000000e-01  2.50000000e+01  1.70000000e-01  2.50000000e+01  0.00000000e+00  2.50000000e+01  0.00000000e+00  2.50000000e+01  0.00000000e+00  2.50000000e+01 -4.61895105e-10  2.50000000e+01  4.84631392e-11  2.50000000e+01  4.13431965e-10  2.50000000e+01  4.69727926e-19 
 2.50000000e+01  1.80000000e-01  2.50000000e+01  1.80000000e-01  2.50000000e+01  0.00000000e+00  2.50000000e+01  0.00000000e+00  2.50000000e+01  0.00000000e+00  2.50000000e+01 -4.82202049e-10  2.50000000e+01  5.36700146e-11  2.50000000e+01  4.28532034e-10  2.50000000e+01  5.25128775e-19 
 2.50000000e+01  1.90000000e-01  2.50000000e+01  1.90000000e-01  2.50000000e+01  0.00000000e+00  2.50000000e+01  0.00000000e+00  2.50000000e+01  0.00000000e+00  2.50000000e+01 -5.03281266e-10  2.50000000e+01  5.92020259e-11  2.50000000e+01  4.44079239e-10  2.50000000e+01  5.83888020e-19 
 2.50000000e+01  2.00000000e-01  2.50000000e+01  2.00000000e-01  2.50000000e+01  0.00000000e+00  2.50000000e+01  0.00000000e+00  2.50000000e+01  0.00000000e+00  2.50000000e+01 -5.25171126e-10  2.50000000e+01  6.50706010e-11  2.50000000e+01  4.60100524e-10  2.50000000e+01  6.46156964e-19 
 2.50000000e+01  2.10000000e-01  2.50000000e+01  2.10000000e-01  2.50000000e+01  0.00000000e+00  2.50000000e+01  0.00000000e+00  2.50000000e+01  0.00000000e+00  2.50000000e+01 -5.47908600e-10  2.50000000e+01  7.12874831e-11  2.50000000e+01  4.76621116e-10  2.50000000e+01  7.12095354e-19 
 2.50000000e+01  2.20000000e-01  2.50000000e+01  2.20000000e-01  2.50000000e+01  0.00000000e+00  2.50000000e+01  0.00000000e+00  2.50000000e+01  0.00000000e+00  2.50000000e+01 -5.71529895e-10  2.50000000e+01  7.78647377e-11  2.50000000e+01  4.93665157e-10  2.50000000e+01  7.81871344e-19 
 2.50000000e+01  2.30000000e-01  2.50000000e+01  2.30000000e-01  2.50000000e+01  0.00000000e+00  2.50000000e+01  0.00000000e+00  2.50000000e+01  0.00000000e+00  2.50000000e+01 -5.96070907e-10  2.50000000e+01  8.48147610e-11  2.50000000e+01  5.11256145e-10  2.50000000e+01  8.55661552e-19 
 2.50000000e+01  2.40000000e-01  2.50000000e+01  2.40000000e-01  2.50000000e+01  0.00000000e+00  2.50000000e+01  0.00000000e+00  2.50000000e+01  0.00000000e+00  2.50000000e+01 -6.21567551e-10  2.50000000e+01  9.21502877e-11  2.50000000e+01  5.29417262e-10  2.50000000e+01  9.33651177e-19 
 2.50000000e+01  2.50000000e-01  2.50000000e+01  2.50000000e-01  2.50000000e+01  0.00000000e+00  2.50000000e+01  0.00000000e+00  2.50000000e+01  0.00000000e+00  2.50000000e+01 -6.48056009e-10  2.50000000e+01  9.98843990e-11  2.50000000e+01  5.48171609e-10  2.50000000e+01  1.01603417e-18 
 2.50000000e+01  2.60000000e-01  2.50000000e+01  2.60000000e-01  2.50000000e+01  0.00000000e+00  2.50000000e+01  0.00000000e+00  2.50000000e+01  0.00000000e+00  2.50000000e+01 -6.75572917e-10  2.50000000e+01  1.08030531e-10  2.50000000e+01  5.67542385e-10  2.50000000e+01  1.10301347e-18 
 2.50000000e+01  2.70000000e-01  2.50000000e+01  2.70000000e-01  2.50000000e+01  0.00000000e+00  2.50000000e+01  0.00000000e+00  2.50000000e+01  0.00000000e+00  2.50000000e+01 -7.04155518e-10  2.50000000e+01  1.16602484e-10  2.50000000e+01  5.87553033e-10  2.50000000e+01  1.19480122e-18 
 2.50000000e+01  2.80000000e-01  2.50000000e+01  2.80000000e-01  2.50000000e+01  0.00000000e+00  2.50000000e+01  0.00000000e+00  2.50000000e+01  0.00000000e+00  2.50000000e+01 -7.33841774e-10  2.50000000e+01  1.25614429e-10  2.50000000e+01  6.08227344e-10  2.50000000e+01  1.29161907e-18 
 2.50000000e+01  2.90000000e-01  2.50000000e+01  2.90000000e-01  2.50000000e+01  0.00000000e+00  2.50000000e+01  0.00000000e+00  2.50000000e+01  0.00000000e+00  2.50000000e+01 -7.64670476e-10  2.50000000e+01  1.35080919e-10  2.50000000e+01  6.29589555e-10  2.50000000e+01  1.39369850e-18 
 2.50000000e+01  3.00000000e-01  2.50000000e+01  3.00000000e-01  2.50000000e+01  0.00000000e+00  2.50000000e+01  0.00000000e+00  2.50000000e+01  0.00000000e+00  2.50000000e+01 -7.96681322e-10  2.50000000e+01  1.45016898e-10  2.50000000e+01  6.51664423e-10  2.50000000e+01  1.50128112e-18 
 2.50000000e+01  3.10000000e-01  2.50000000e+01  3.10000000e-01  2.50000000e+01  0.00000000e+00  2.50000000e+01  0.00000000e+00  2.50000000e+01  0.00000000e+00  2.50000000e+01 -8.29914996e-10  2.50000000e+01  1.55437708e-10  2.50000000e+01  6.74477287e-10  2.50000000e+01  1.61461905e-18 
 2.50000000e+01  3.20000000e-01  2.50000000e+01  3.20000000e-01  2.50000000e+01  0.00000000e+00  2.50000000e+01  0.00000000e+00  2.50000000e+01  0.00000000e+00  2.50000000e+01 -8.64413231e-10  2.50000000e+01  1.66359100e-10  2.50000000e+01  6.98054129e-10  2.50000000e+01  1.73397528e-18 
 2.50000000e+01  3.30000000e-01  2.50000000e+01  3.30000000e-01  2.50000000e+01  0.00000000e+00  2.50000000e+01  0.00000000e+00  2.50000000e+01  0.00000000e+00  2.50000000e+01 -9.00218872e-10  2.50000000e+01  1.77797246e-10  2.50000000e+01  7.22421624e-10  2.50000000e+01  1.85962409e-18 
 2.50000000e+01  3.40000000e-01  2.50000000e+01  3.40000000e-01  2.50000000e+01  0.00000000e+00  2.50000000e+01  0.00000000e+00  2.50000000e+01  0.00000000e+00  2.50000000e+01 -9.37375933e-10  2.50000000e+01  1.89768744e-10  2.50000000e+01  7.47607187e-10  2.50000000e+01  1.99185145e-18 
 2.50000000e+01  3.50000000e-01  2.50000000e+01  3.50000000e-01  2.50000000e+01  0.00000000e+00  2.50000000e+01  0.00000000e+00  2.50000000e+01  0.00000000e+00  2.50000000e+01 -9.75929648e-10  2.50000000e+01  2.02290631e-10  2.50000000e+01  7.73639015e-10  2.50000000e+01  2.13095544e-18 
 2.50000000e+01  3.60000000e-01  2.50000000e+01  3.60000000e-01  2.50000000e+01  0.00000000e+00  2.50000000e+01  0.00000000e+00  2.50000000e+01  0.00000000e+00  2.50000000e+01 -1.01592653e-09  2.50000000e+01  2.15380395e-10  2.50000000e+01  8.00546130e-10  2.50000000e+01  2.27724676e-18 
 2.50000000e+01  3.70000000e-01  2.50000000e+01  3.70000000e-01  2.50000000e+01  0.00000000e+00  2.50000000e+01  0.00000000e+00  2.50000000e+01  0.00000000e+00  2.50000000e+01 -1.05741440e-09  2.50000000e+01  2.29055983e-10  2.50000000e+01  8.28358418e-10  2.50000000e+01  2.43104914e-18 
 2.50000000e+01  3.80000000e-01  2.50000000e+01  3.80000000e-01  2.50000000e+01  0.00000000e+00  2.50000000e+01  0.00000000e+00  2.50000000e+01  0.00000000e+00  2.50000000e+01 -1.10044248e-09  2.50000000e+01  2.43335810e-10  2.50000000e+01  8.57106666e-10  2.50000000e+01  2.59269989e-18 
 2.50000000e+01  3.90000000e-01  2.50000000e+01  3.90000000e-01  2.50000000e+01  0.00000000e+00  2.50000000e+01  0.00000000e+00  2.50000000e+01  0.00000000e+00  2.50000000e+01 -1.14506138e-09  2.50000000e+01  2.58238776e-10  2.50000000e+01  8.86822605e-10  2.50000000e+01  2.76255039e-18 
 2.50000000e+01  4.00000000e-01  2.50000000e+01  4.00000000e-01  2.50000000e+01  0.00000000e+00  2.50000000e+01  0.00000000e+00  2.50000000e+01  0.00000000e+00  2.50000000e+01 -1.19132321e-09  2.50000000e+01  2.73784272e-10  2.50000000e+01  9.17538938e-10  2.50000000e+01  2.94096663e-18 
 2.50000000e+01  4.10000000e-01  2.50000000e+01  4.10000000e-01  2.50000000e+01  0.00000000e+00  2.50000000e+01  0.00000000e+00  2.50000000e+01  0.00000000e+00  2.50000000e+01 -1.23928159e-09  2.50000000e+01  2.89992194e-10  2.50000000e+01  9.49289388e-10  2.50000000e+01  3.12832977e-18 
 2.50000000e+01  4.20000000e-01  2.50000000e+01  4.20000000e-01  2.50000000e+01  0.00000000e+00  2.50000000e+01  0.00000000e+00  2.50000000e+01  0.00000000e+00  2.50000000e+01 -1.28899169e-09  2.50000000e+01  3.06882955e-10  2.50000000e+01  9.82108728e-10  2.50000000e+01  3.32503672e-18 
 2.50000000e+01  4.30000000e-01  2.50000000e+01  4.30000000e-01  2.50000000e+01  0.00000000e+00  2.50000000e+01  0.00000000e+00  2.50000000e+01  0.00000000e+00  2.50000000e+01 -1.34051032e-09  2.50000000e+01  3.24477495e-10  2.50000000e+01  1.01603282e-09  2.50000000e+01  3.53150074e-18 
 2.50000000e+01  4.40000000e-01  2.50000000e+01  4.40000000e-01  2.50000000e+01  0.00000000e+00  2.50000000e+01  0.00000000e+00  2.50000000e+01  0.00000000e+00  2.50000000e+01 -1.39389595e-09  2.50000000e+01  3.42797294e-10  2.50000000e+01  1.05109865e-09  2.50000000e+01  3.74815204e-18 
 2.50000000e+01  4.50000000e-01  2.50000000e+01  4.50000000e-01  2.50000000e+01  0.00000000e+00  2.50000000e+01  0.00000000e+00  2.50000000e+01  0.00000000e+00  2.50000000e+01 -1.44920878e-09  2.50000000e+01  3.61864387e-10  2.50000000e+01  1.08734439e-09  2.50000000e+01  3.97543848e-18 
 2.50000000e+01  4.60000000e-01  2.50000000e+01  4.60000000e-01  2.50000000e+01  0.00000000e+00  2.50000000e+01  0.00000000e+00  2.50000000e+01  0.00000000e+00  2.50000000e+01 -1.50651076e-09  2.50000000e+01  3.81701375e-10  2.50000000e+01  1.12480938e-09  2.50000000e+01  4.21382619e-18 
 2.50000000e+01  4.70000000e-01  2.50000000e+01  4.70000000e-01  2.50000000e+01  0.00000000e+00  2.50000000e+01  0.00000000e+00  2.50000000e+01  0.00000000e+00  2.50000000e+01 -1.56586569e-09  2.50000000e+01  4.02331436e-10  2.50000000e+01  1.16353425e-09  2.50000000e+01  4.46380027e-18 
 2.50000000e+01  4.80000000e-01  2.50000000e+01  4.80000000e-01  2.50000000e+01  0.00000000e+00  2.50000000e+01  0.00000000e+00  2.50000000e+01  0.00000000e+00  2.50000000e+01 -1.62733924e-09  2.50000000e+01  4.23778343e-10  2.50000000e+01  1.20356089e-09  2.50000000e+01  4.72586554e-18 
 2.50000000e+01  4.90000000e-01  2.50000000e+01  4.90000000e-01  2.50000000e+01  0.00000000e+00  2.50000000e+01  0.00000000e+00  2.50000000e+01  0.00000000e+00  2.50000000e+01 -1.69099899e-09  2.50000000e+01  4.46066475e-10  2.50000000e+01  1.24493251e-09  2.50000000e+01  5.00054725e-18 
 2.50000000e+01  5.00000000e-01  2.50000000e+01  5.00000000e-01  2.50000000e+01  0.00000000e+00  2.50000000e+01  0.00000000e+00  2.50000000e+01  0.00000000e+00  2.50000000e+01 -1.75691455e-09  2.50000000e+01  4.69220828e-10  2.50000000e+01  1.28769372e-09  2.50000000e+01  5.28839187e-18 
 2.50000000e+01  5.10000000e-01  2.50000000e+01  5.10000000e-01  2.50000000e+01  0.00000000e+00  2.50000000e+01  0.00000000e+00  2.50000000e+01  0.00000000e+00  2.50000000e+01 -1.82515757e-09  2.50000000e+01  4.93267038e-10  2.50000000e+01  1.33189052e-09  2.50000000e+01  5.58996789e-18 
 2.50000000e+01  5.20000000e-01  2.50000000e+01  5.20000000e-01  2.50000000e+01  0.00000000e+00  2.50000000e+01  0.00000000e+00  2.50000000e+01  0.00000000e+00  2.50000000e+01 -1.89580178e-09  2.50000000e+01  5.18231386e-10  2.50000000e+01  1.37757038e-09  2.50000000e+01  5.90586664e-18 
 2.50000000e+01  5.30000000e-01  2.50000000e+01  5.30000000e-01  2.50000000e+01  0.00000000e+00  2.50000000e+01  0.00000000e+00  2.50000000e+01  0.00000000e+00  2.50000000e+01 -1.96892311e-09  2.50000000e+01  5.44140820e-10  2.50000000e+01  1.42478228e-09  2.50000000e+01  6.23670315e-18 
 2.50000000e+01  5.40000000e-01  2.50000000e+01  5.40000000e-01  2.50000000e+01  0.00000000e+00  2.50000000e+01  0.00000000e+00  2.50000000e+01  0.00000000e+00  2.50000000e+01 -2.04459971e-09  2.50000000e+01  5.71022964e-10  2.50000000e+01  1.47357674e-09  2.50000000e+01  6.58311704e-18 
 2.50000000e+01  5.50000000e-01  2.50000000e+01  5.50000000e-01  2.50000000e+01  0.00000000e+00  2.50000000e+01  0.00000000e+00  2.50000000e+01  0.00000000e+00  2.50000000e+01 -2.12291203e-09  2.50000000e+01  5.98906141e-10  2.50000000e+01  1.52400588e-09  2.50000000e+01  6.94577342e-18 
 2.50000000e+01  5.60000000e-01  2.50000000e+01  5.60000000e-01  2.50000000e+01  0.00000000e+00  2.50000000e+01  0.00000000e+00  2.50000000e+01  0.00000000e+00  2.50000000e+01 -2.20394287e-09  2.50000000e+01  6.27819383e-10  2.50000000e+01  1.57612348e-09  2.50000000e+01  7.32536388e-18 
 2.50000000e+01  5.70000000e-01  2.50000000e+01  5.70000000e-01  2.50000000e+01  0.00000000e+00  2.50000000e+01  0.00000000e+00  2.50000000e+01  0.00000000e+00  2.50000000e+01 -2.28777749e-09  2.50000000e+01  6.57792448e-10  2.50000000e+01  1.62998503e-09  2.50000000e+01  7.72260742e-18 
 2.50000000e+01  5.80000000e-01  2.50000000e+01  5.80000000e-01  2.50000000e+01  0.00000000e+00  2.50000000e+01  0.00000000e+00  2.50000000e+01  0.00000000e+00  2.50000000e+01 -2.37450360e-09  2.50000000e+01  6.88855841e-10  2.50000000e+01  1.68564775e-09  2.50000000e+01  8.13825152e-18 
 2.50000000e+01  5.90000000e-01  2.50000000e+01  5.90000000e-01  2.50000000e+01  0.00000000e+00  2.50000000e+01  0.00000000e+00  2.50000000e+01  0.00000000e+00  2.50000000e+01 -2.46421152e-09  2.50000000e+01  7.21040825e-10  2.50000000e+01  1.74317069e-09  2.50000000e+01  8.57307314e-18 
 2.50000000e+01  6.00000000e-01  2.50000000e+01  6.00000000e-01  2.50000000e+01  0.00000000e+00  2.50000000e+01  0.00000000e+00  2.50000000e+01  0.00000000e+00  2.50000000e+01 -2.55699419e-09  2.50000000e+01  7.54379442e-10  2.50000000e+01  1.80261474e-09  2.50000000e+01  9.02787986e-18 
 2.50000000e+01  6.10000000e-01  2.50000000e+01  6.10000000e-01  2.50000000e+01  0.00000000e+00  2.50000000e+01  0.00000000e+00  2.50000000e+01  0.00000000e+00  2.50000000e+01 -2.65294727e-09  2.50000000e+01  7.88904531e-10  2.50000000e+01  1.86404273e-09  2.50000000e+01  9.50351096e-18 
 2.50000000e+01  6.20000000e-01  2.50000000e+01  6.20000000e-01  2.50000000e+01  0.00000000e+00  2.50000000e+01  0.00000000e+00  2.50000000e+01  0.00000000e+00  2.50000000e+01 -2.75216921e-09  2.50000000e+01  8.24649743e-10  2.50000000e+01  1.92751946e-09  2.50000000e+01  1.00008386e-17 
 2.50000000e+01  6.30000000e-01  2.50000000e+01  6.30000000e-01  2.50000000e+01  0.00000000e+00  2.50000000e+01  0.00000000e+00  2.50000000e+01  0.00000000e+00  2.50000000e+01 -2.85476134e-09  2.50000000e+01  8.61649562e-10  2.50000000e+01  1.99311177e-09  2.50000000e+01  1.05207691e-17 
 2.50000000e+01  6.40000000e-01  2.50000000e+01  6.40000000e-01  2.50000000e+01  0.00000000e+00  2.50000000e+01  0.00000000e+00  2.50000000e+01  0.00000000e+00  2.50000000e+01 -2.96082794e-09  2.50000000e+01  8.99939325e-10  2.50000000e+01  2.06088860e-09  2.50000000e+01  1.10642440e-17 
 2.50000000e+01  6.50000000e-01  2.50000000e+01  6.50000000e-01  2.50000000e+01  0.00000000e+00  2.50000000e+01  0.00000000e+00  2.50000000e+01  0.00000000e+00  2.50000000e+01 -3.07047630e-09  2.50000000e+01  9.39555238e-10  2.50000000e+01  2.13092105e-09  2.50000000e+01  1.16322415e-17 
 2.50000000e+01  6.60000000e-01  2.50000000e+01  6.60000000e-01  2.50000000e+01  0.00000000e+00  2.50000000e+01  0.00000000e+00  2.50000000e+01  0.00000000e+00  2.50000000e+01 -3.18381687e-09  2.50000000e+01  9.80534397e-10  2.50000000e+01  2.20328246e-09  2.50000000e+01  1.22257778e-17 
 2.50000000e+01  6.70000000e-01  2.50000000e+01  6.70000000e-01  2.50000000e+01  0.00000000e+00  2.50000000e+01  0.00000000e+00  2.50000000e+01  0.00000000e+00  2.50000000e+01 -3.30096327e-09  2.50000000e+01  1.02291481e-09  2.50000000e+01  2.27804845e-09  2.50000000e+01  1.28459083e-17 
 2.50000000e+01  6.80000000e-01  2.50000000e+01  6.80000000e-01  2.50000000e+01  0.00000000e+00  2.50000000e+01  0.00000000e+00  2.50000000e+01  0.00000000e+00  2.50000000e+01 -3.42203246e-09  2.50000000e+01  1.06673541e-09  2.50000000e+01  2.35529703e-09  2.50000000e+01  1.34937293e-17 
 2.50000000e+01  6.90000000e-01  2.50000000e+01  6.90000000e-01  2.50000000e+01  0.00000000e+00  2.50000000e+01  0.00000000e+00  2.50000000e+01  0.00000000e+00  2.50000000e+01 -3.54714474e-09  2.50000000e+01  1.11203609e-09  2.50000000e+01  2.43510863e-09  2.50000000e+01  1.41703793e-17 
 2.50000000e+01  7.00000000e-01  2.50000000e+01  7.00000000e-01  2.50000000e+01  0.00000000e+00  2.50000000e+01  0.00000000e+00  2.50000000e+01  0.00000000e+00  2.50000000e+01 -3.67642392e-09  2.50000000e+01  1.15885772e-09  2.50000000e+01  2.51756619e-09  2.50000000e+01  1.48770403e-17 
 2.50000000e+01  7.10000000e-01  2.50000000e+01  7.10000000e-01  2.50000000e+01  0.00000000e+00  2.50000000e+01  0.00000000e+00  2.50000000e+01  0.00000000e+00  2.50000000e+01 -3.80999741e-09  2.50000000e+01  1.20724215e-09  2.50000000e+01  2.60275525e-09  2.50000000e+01  1.56149398e-17 
 2.50000000e+01  7.20000000e-01  2.50000000e+01  7.20000000e-01  2.50000000e+01  0.00000000e+00  2.50000000e+01  0.00000000e+00  2.50000000e+01  0.00000000e+00  2.50000000e+01 -3.94799627e-09  2.50000000e+01  1.25723225e-09  2.50000000e+01  2.69076401e-09  2.50000000e+01  1.63853522e-17 
 2.50000000e+01  7.30000000e-01  2.50000000e+01  7.30000000e-01  2.50000000e+01  0.00000000e+00  2.50000000e+01  0.00000000e+00  2.50000000e+01  0.00000000e+00  2.50000000e+01 -4.09055537e-09  2.50000000e+01  1.30887195e-09  2.50000000e+01  2.78168340e-09  2.50000000e+01  1.71896004e-17 
 2.50000000e+01  7.40000000e-01  2.50000000e+01  7.40000000e-01  2.50000000e+01  0.00000000e+00  2.50000000e+01  0.00000000e+00  2.50000000e+01  0.00000000e+00  2.50000000e+01 -4.23781345e-09  2.50000000e+01  1.36220622e-09  2.50000000e+01  2.87560721e-09  2.50000000e+01  1.80290576e-17 
 2.50000000e+01  7.50000000e-01  2.50000000e+01  7.50000000e-01  2.50000000e+01  0.00000000e+00  2.50000000e+01  0.00000000e+00  2.50000000e+01  0.00000000e+00  2.50000000e+01 -4.38991326e-09  2.50000000e+01  1.41728112e-09  2.50000000e+01  2.97263212e-09  2.50000000e+01  1.89051493e-17 
 2.50000000e+01  7.60000000e-01  2.50000000e+01  7.60000000e-01  2.50000000e+01  0.00000000e+00  2.50000000e+01  0.00000000e+00  2.50000000e+01  0.00000000e+00  2.50000000e+01 -4.54700168e-09  2.50000000e+01  1.47414384e-09  2.50000000e+01  3.07285781e-09  2.50000000e+01  1.98193545e-17 
 2.50000000e+01  7.70000000e-01  2.50000000e+01  7.70000000e-01  2.50000000e+01  0.00000000e+00  2.50000000e+01  0.00000000e+00  2.50000000e+01  0.00000000e+00  2.50000000e+01 -4.70922979e-09  2.50000000e+01  1.53284270e-09  2.50000000e+01  3.17638707e-09  2.50000000e+01  2.07732085e-17 
 2.50000000e+01  7.80000000e-01  2.50000000e+01  7.80000000e-01  2.50000000e+01  0.00000000e+00  2.50000000e+01  0.00000000e+00  2.50000000e+01  0.00000000e+00  2.50000000e+01 -4.87675304e-09  2.50000000e+01  1.59342716e-09  2.50000000e+01  3.28332585e-09  2.50000000e+01  2.17683040e-17 
 2.50000000e+01  7.90000000e-01  2.50000000e+01  7.90000000e-01  2.50000000e+01  0.00000000e+00  2.50000000e+01  0.00000000e+00  2.50000000e+01  0.00000000e+00  2.50000000e+01 -5.04973133e-09  2.50000000e+01  1.65594789e-09  2.50000000e+01  3.39378341e-09  2.50000000e+01  2.28062938e-17 
 2.50000000e+01  8.00000000e-01  2.50000000e+01  8.00000000e-01  2.50000000e+01  0.00000000e+00  2.50000000e+01  0.00000000e+00  2.50000000e+01  0.00000000e+00  2.50000000e+01 -5.22832916e-09  2.50000000e+01  1.72045678e-09  2.50000000e+01  3.50787236e-09  2.50000000e+01  2.38888923e-17 
 2.50000000e+01  8.10000000e-01  2.50000000e+01  8.10000000e-01  2.50000000e+01  0.00000000e+00  2.50000000e+01  0.00000000e+00  2.50000000e+01  0.00000000e+00  2.50000000e+01 -5.41271577e-09  2.50000000e+01  1.78700693e-09  2.50000000e+01  3.62570882e-09  2.50000000e+01  2.50178783e-17 
 2.50000000e+01  8.20000000e-01  2.50000000e+01  8.20000000e-01  2.50000000e+01  0.00000000e+00  2.50000000e+01  0.00000000e+00  2.50000000e+01  0.00000000e+00  2.50000000e+01 -5.60306524e-09  2.50000000e+01  1.85565274e-09  2.50000000e+01  3.74741247e-09  2.50000000e+01  2.61950965e-17 
 2.50000000e+01  8.30000000e-01  2.50000000e+01  8.30000000e-01  2.50000000e+01  0.00000000e+00  2.50000000e+01  0.00000000e+00  2.50000000e+01  0.00000000e+00  2.50000000e+01 -5.79955663e-09  2.50000000e+01  1.92644989e-09  2.50000000e+01  3.87310671e-09  2.50000000e+01  2.74224604e-17 
 2.50000000e+01  8.40000000e-01  2.50000000e+01  8.40000000e-01  2.50000000e+01  0.00000000e+00  2.50000000e+01  0.00000000e+00  2.50000000e+01  0.00000000e+00  2.50000000e+01 -6.00237417e-09  2.50000000e+01  1.99945539e-09  2.50000000e+01  4.00291874e-09  2.50000000e+01  2.87019543e-17 
 2.50000000e+01  8.50000000e-01  2.50000000e+01  8.50000000e-01  2.50000000e+01  0.00000000e+00  2.50000000e+01  0.00000000e+00  2.50000000e+01  0.00000000e+00  2.50000000e+01 -6.21170732e-09  2.50000000e+01  2.07472761e-09  2.50000000e+01  4.13697968e-09  2.50000000e+01  3.00356360e-17 
 2.50000000e+01  8.60000000e-01  2.50000000e+01  8.60000000e-01  2.50000000e+01  0.00000000e+00  2.50000000e+01  0.00000000e+00  2.50000000e+01  0.00000000e+00  2.50000000e+01 -6.42775102e-09  2.50000000e+01  2.15232629e-09  2.50000000e+01  4.27542470e-09  2.50000000e+01  3.14256389e-17 
 2.50000000e+01  8.70000000e-01  2.50000000e+01  8.70000000e-01  2.50000000e+01  0.00000000e+00  2.50000000e+01  0.00000000e+00  2.50000000e+01  0.00000000e+00  2.50000000e+01 -6.65070575e-09  2.50000000e+01  2.23231260e-09  2.50000000e+01  4.41839311e-09  2.50000000e+01  3.28741753e-17 
 2.50000000e+01  8.80000000e-01  2.50000000e+01  8.80000000e-01  2.50000000e+01  0.00000000e+00  2.50000000e+01  0.00000000e+00  2.50000000e+01  0.00000000e+00  2.50000000e+01 -6.88077774e-09  2.50000000e+01  2.31474915e-09  2.50000000e+01  4.56602856e-09  2.50000000e+01  3.43835381e-17 
 2.50000000e+01  8.90000000e-01  2.50000000e+01  8.90000000e-01  2.50000000e+01  0.00000000e+00  2.50000000e+01  0.00000000e+00  2.50000000e+01  0.00000000e+00  2.50000000e+01 -7.11817913e-09  2.50000000e+01  2.39970002e-09  2.50000000e+01  4.71847907e-09  2.50000000e+01  3.59561045e-17 
 2.50000000e+01  9.00000000e-01  2.50000000e+01  9.00000000e-01  2.50000000e+01  0.00000000e+00  2.50000000e+01  0.00000000e+00  2.50000000e+01  0.00000000e+00  2.50000000e+01 -7.36312812e-09  2.50000000e+01  2.48723082e-09  2.50000000e+01  4.87589726e-09  2.50000000e+01  3.75943391e-17 
