Width step     V(drain)V(gate)   V(source)V(body) I(Vd)            I(Vg)            I(Vs)            I(Vb)            
w      0.01     0.0     -0.01     0.0     0.0     -9.69666e-13     1.939393e-12     -9.69666e-13     -3.56563e-17     
w      0.02     0.0     -0.02     0.0     0.0     -1.79177e-12     3.583578e-12     -1.79177e-12     -7.26032e-17     
w      0.03     0.0     -0.03     0.0     0.0     -2.47089e-12     4.941936e-12     -2.47089e-12     -1.10837e-16     
w      0.04     0.0     -0.04     0.0     0.0     -3.01155e-12     6.023182e-12     -3.01155e-12     -1.50416e-16     
w      0.05     0.0     -0.05     0.0     0.0     -3.41827e-12     6.836753e-12     -3.41827e-12     -1.91418e-16     
w      0.06     0.0     -0.06     0.0     0.0     -3.69561e-12     7.391643e-12     -3.69561e-12     -2.3394e-16      
w      0.07     0.0     -0.07     0.0     0.0     -3.84823e-12     7.696732e-12     -3.84823e-12     -2.78113e-16     
w      0.08     0.0     -0.08     0.0     0.0     -3.881e-12       7.762457e-12     -3.881e-12       -3.24107e-16     
w      0.09     0.0     -0.09     0.0     0.0     -3.7992e-12      7.598366e-12     -3.7992e-12      -3.72144e-16     
w      0.1      0.0     -0.1      0.0     0.0     -3.60887e-12     7.218226e-12     -3.60887e-12     -4.22516e-16     
w      0.11     0.0     -0.11     0.0     0.0     -3.31731e-12     6.635137e-12     -3.31731e-12     -4.75605e-16     
w      0.12     0.0     -0.12     0.0     0.0     -2.9343e-12      5.869083e-12     -2.9343e-12      -5.31901e-16     
w      0.13     0.0     -0.13     0.0     0.0     -2.47465e-12     4.949374e-12     -2.47465e-12     -5.92035e-16     
w      0.14     0.0     -0.14     0.0     0.0     -1.96591e-12     3.931966e-12     -1.96591e-12     -6.56807e-16     
w      0.15     0.0     -0.15     0.0     0.0     -1.48025e-12     2.961187e-12     -1.48025e-12     -7.27228e-16     
w      0.16     0.0     -0.16     0.0     0.0     -1.29488e-12     2.590816e-12     -1.29488e-12     -8.04562e-16     
w      0.17     0.0     -0.17     0.0     0.0     -1.92184e-12     3.844924e-12     -1.92184e-12     -8.9038e-16      
w      0.18     0.0     -0.18     0.0     0.0     -3.16911e-12     6.338929e-12     -3.16911e-12     -9.86621e-16     
w      0.19     0.0     -0.19     0.0     0.0     -4.82712e-12     9.655388e-12     -4.82712e-12     -1.09567e-15     
w      0.2      0.0     -0.2      0.0     0.0     -6.9124e-12      1.382627e-11     -6.9124e-12      -1.22044e-15     
w      0.21     0.0     -0.21     0.0     0.0     -9.51284e-12     1.902745e-11     -9.51284e-12     -1.36448e-15     
w      0.22     0.0     -0.22     0.0     0.0     -1.27499e-11     2.550138e-11     -1.27499e-11     -1.53212e-15     
w      0.23     0.0     -0.23     0.0     0.0     -1.67626e-11     3.352785e-11     -1.67626e-11     -1.72861e-15     
w      0.24     0.0     -0.24     0.0     0.0     -2.16891e-11     4.338041e-11     -2.16891e-11     -1.96031e-15     
w      0.25     0.0     -0.25     0.0     0.0     -2.76474e-11     5.52971e-11      -2.76474e-11     -2.23494e-15     
w      0.26     0.0     -0.26     0.0     0.0     -3.47192e-11     6.944045e-11     -3.47192e-11     -2.56181e-15     
w      0.27     0.0     -0.27     0.0     0.0     -4.29443e-11     8.589218e-11     -4.29443e-11     -2.95221e-15     
w      0.28     0.0     -0.28     0.0     0.0     -5.23279e-11     1.046594e-10     -5.23279e-11     -3.41974e-15     
w      0.29     0.0     -0.29     0.0     0.0     -6.28525e-11     1.257101e-10     -6.28525e-11     -3.9808e-15      
w      0.3      0.0     -0.3      0.0     0.0     -7.44926e-11     1.489893e-10     -7.44926e-11     -4.65518e-15     
w      0.31     0.0     -0.31     0.0     0.0     -8.72239e-11     1.744533e-10     -8.72239e-11     -5.46665e-15     
w      0.32     0.0     -0.32     0.0     0.0     -1.01029e-10     2.020641e-10     -1.01029e-10     -6.4438e-15      
w      0.33     0.0     -0.33     0.0     0.0     -1.159e-10       2.318075e-10     -1.159e-10       -7.62096e-15     
w      0.34     0.0     -0.34     0.0     0.0     -1.31838e-10     2.63686e-10      -1.31838e-10     -9.03929e-15     
w      0.35     0.0     -0.35     0.0     0.0     -1.48849e-10     2.977103e-10     -1.48849e-10     -1.07481e-14     
w      0.36     0.0     -0.36     0.0     0.0     -1.66949e-10     3.339107e-10     -1.66949e-10     -1.28065e-14     
w      0.37     0.0     -0.37     0.0     0.0     -1.86155e-10     3.723262e-10     -1.86155e-10     -1.52852e-14     
w      0.38     0.0     -0.38     0.0     0.0     -2.06491e-10     4.129976e-10     -2.06491e-10     -1.82686e-14     
w      0.39     0.0     -0.39     0.0     0.0     -2.27979e-10     4.559801e-10     -2.27979e-10     -2.18577e-14     
w      0.4      0.0     -0.4      0.0     0.0     -2.50648e-10     5.013217e-10     -2.50648e-10     -2.61732e-14     
w      0.41     0.0     -0.41     0.0     0.0     -2.74526e-10     5.490826e-10     -2.74526e-10     -3.1359e-14      
w      0.42     0.0     -0.42     0.0     0.0     -2.99642e-10     5.993233e-10     -2.99642e-10     -3.7587e-14      
w      0.43     0.0     -0.43     0.0     0.0     -3.26028e-10     6.520988e-10     -3.26028e-10     -4.5062e-14      
w      0.44     0.0     -0.44     0.0     0.0     -3.53714e-10     7.074821e-10     -3.53714e-10     -5.40287e-14     
w      0.45     0.0     -0.45     0.0     0.0     -3.82733e-10     7.655299e-10     -3.82733e-10     -6.47782e-14     
w      0.46     0.0     -0.46     0.0     0.0     -4.13118e-10     8.263115e-10     -4.13118e-10     -7.76579e-14     
w      0.47     0.0     -0.47     0.0     0.0     -4.44903e-10     8.898997e-10     -4.44903e-10     -9.30815e-14     
w      0.48     0.0     -0.48     0.0     0.0     -4.78123e-10     9.563568e-10     -4.78123e-10     -1.11542e-13     
w      0.49     0.0     -0.49     0.0     0.0     -5.12813e-10     1.025761e-09     -5.12813e-10     -1.33626e-13     
w      0.5      0.0     -0.5      0.0     0.0     -5.4901e-10      1.098181e-09     -5.4901e-10      -1.60032e-13     
w      0.51     0.0     -0.51     0.0     0.0     -5.8675e-10      1.173692e-09     -5.8675e-10      -1.91592e-13     
w      0.52     0.0     -0.52     0.0     0.0     -6.26071e-10     1.252371e-09     -6.26071e-10     -2.29296e-13     
w      0.53     0.0     -0.53     0.0     0.0     -6.67012e-10     1.334298e-09     -6.67012e-10     -2.7432e-13      
w      0.54     0.0     -0.54     0.0     0.0     -7.09611e-10     1.419549e-09     -7.09611e-10     -3.28066e-13     
w      0.55     0.0     -0.55     0.0     0.0     -7.53909e-10     1.508209e-09     -7.53909e-10     -3.92198e-13     
w      0.56     0.0     -0.56     0.0     0.0     -7.99946e-10     1.600363e-09     -7.99946e-10     -4.68698e-13     
w      0.57     0.0     -0.57     0.0     0.0     -8.47765e-10     1.69609e-09      -8.47765e-10     -5.59917e-13     
w      0.58     0.0     -0.58     0.0     0.0     -8.97408e-10     1.795486e-09     -8.97408e-10     -6.68655e-13     
w      0.59     0.0     -0.59     0.0     0.0     -9.48919e-10     1.898634e-09     -9.48919e-10     -7.98235e-13     
w      0.6      0.0     -0.6      0.0     0.0     -1.00234e-09     2.005635e-09     -1.00234e-09     -9.52605e-13     
w      0.61     0.0     -0.61     0.0     0.0     -1.05772e-09     2.116574e-09     -1.05772e-09     -1.13646e-12     
w      0.62     0.0     -0.62     0.0     0.0     -1.1151e-09      2.231561e-09     -1.1151e-09      -1.35536e-12     
w      0.63     0.0     -0.63     0.0     0.0     -1.17453e-09     2.350685e-09     -1.17453e-09     -1.61593e-12     
w      0.64     0.0     -0.64     0.0     0.0     -1.23606e-09     2.474051e-09     -1.23606e-09     -1.92602e-12     
w      0.65     0.0     -0.65     0.0     0.0     -1.29974e-09     2.601777e-09     -1.29974e-09     -2.29494e-12     
w      0.66     0.0     -0.66     0.0     0.0     -1.36561e-09     2.733962e-09     -1.36561e-09     -2.73375e-12     
w      0.67     0.0     -0.67     0.0     0.0     -1.43374e-09     2.870724e-09     -1.43374e-09     -3.25556e-12     
w      0.68     0.0     -0.68     0.0     0.0     -1.50416e-09     3.012186e-09     -1.50416e-09     -3.87594e-12     
w      0.69     0.0     -0.69     0.0     0.0     -1.57693e-09     3.158469e-09     -1.57693e-09     -4.61333e-12     
w      0.7      0.0     -0.7      0.0     0.0     -1.65211e-09     3.309701e-09     -1.65211e-09     -5.48961e-12     
w      0.71     0.0     -0.71     0.0     0.0     -1.72974e-09     3.46602e-09      -1.72974e-09     -6.53068e-12     
w      0.72     0.0     -0.72     0.0     0.0     -1.8099e-09      3.627566e-09     -1.8099e-09      -7.76728e-12     
w      0.73     0.0     -0.73     0.0     0.0     -1.89263e-09     3.794494e-09     -1.89263e-09     -9.2358e-12      
w      0.74     0.0     -0.74     0.0     0.0     -1.97799e-09     3.966953e-09     -1.97799e-09     -1.09793e-11     
w      0.75     0.0     -0.75     0.0     0.0     -2.06604e-09     4.145122e-09     -2.06604e-09     -1.30489e-11     
w      0.76     0.0     -0.76     0.0     0.0     -2.15684e-09     4.329177e-09     -2.15684e-09     -1.55048e-11     
w      0.77     0.0     -0.77     0.0     0.0     -2.25045e-09     4.519315e-09     -2.25045e-09     -1.84187e-11     
w      0.78     0.0     -0.78     0.0     0.0     -2.34694e-09     4.715748e-09     -2.34694e-09     -2.18749e-11     
w      0.79     0.0     -0.79     0.0     0.0     -2.44636e-09     4.918693e-09     -2.44636e-09     -2.59733e-11     
w      0.8      0.0     -0.8      0.0     0.0     -2.54879e-09     5.128403e-09     -2.54879e-09     -3.08321e-11     
w      0.81     0.0     -0.81     0.0     0.0     -2.65428e-09     5.345154e-09     -2.65428e-09     -3.65905e-11     
w      0.82     0.0     -0.82     0.0     0.0     -2.76291e-09     5.569238e-09     -2.76291e-09     -4.34132e-11     
w      0.83     0.0     -0.83     0.0     0.0     -2.87475e-09     5.800988e-09     -2.87475e-09     -5.14942e-11     
w      0.84     0.0     -0.84     0.0     0.0     -2.98986e-09     6.040779e-09     -2.98986e-09     -6.10624e-11     
w      0.85     0.0     -0.85     0.0     0.0     -3.10831e-09     6.289007e-09     -3.10831e-09     -7.23874e-11     
w      0.86     0.0     -0.86     0.0     0.0     -3.23018e-09     6.546149e-09     -3.23018e-09     -8.57862e-11     
w      0.87     0.0     -0.87     0.0     0.0     -3.35554e-09     6.812716e-09     -3.35554e-09     -1.01632e-10     
w      0.88     0.0     -0.88     0.0     0.0     -3.48447e-09     7.089302e-09     -3.48447e-09     -1.20363e-10     
w      0.89     0.0     -0.89     0.0     0.0     -3.61704e-09     7.376567e-09     -3.61704e-09     -1.42492e-10     
w      0.9      0.0     -0.9      0.0     0.0     -3.75333e-09     7.675272e-09     -3.75333e-09     -1.68623e-10     
2w     0.01     0.0     -0.01     0.0     0.0     -2.38009e-12     4.760262e-12     -2.38009e-12     -8.752e-17       
2w     0.02     0.0     -0.02     0.0     0.0     -4.39798e-12     8.79613e-12      -4.39798e-12     -1.78208e-16     
2w     0.03     0.0     -0.03     0.0     0.0     -6.0649e-12      1.213007e-11     -6.0649e-12      -2.72053e-16     
2w     0.04     0.0     -0.04     0.0     0.0     -7.39198e-12     1.478428e-11     -7.39198e-12     -3.69203e-16     
2w     0.05     0.0     -0.05     0.0     0.0     -8.3903e-12      1.678108e-11     -8.3903e-12      -4.69843e-16     
2w     0.06     0.0     -0.06     0.0     0.0     -9.07105e-12     1.814271e-11     -9.07105e-12     -5.74217e-16     
2w     0.07     0.0     -0.07     0.0     0.0     -9.44565e-12     1.8892e-11       -9.44565e-12     -6.82642e-16     
2w     0.08     0.0     -0.08     0.0     0.0     -9.52608e-12     1.905298e-11     -9.52608e-12     -7.95534e-16     
2w     0.09     0.0     -0.09     0.0     0.0     -9.32532e-12     1.865152e-11     -9.32532e-12     -9.13443e-16     
2w     0.1      0.0     -0.1      0.0     0.0     -8.85813e-12     1.771727e-11     -8.85813e-12     -1.03709e-15     
2w     0.11     0.0     -0.11     0.0     0.0     -8.14249e-12     1.628608e-11     -8.14249e-12     -1.16739e-15     
2w     0.12     0.0     -0.12     0.0     0.0     -7.20237e-12     1.440625e-11     -7.20237e-12     -1.30558e-15     
2w     0.13     0.0     -0.13     0.0     0.0     -6.07413e-12     1.214939e-11     -6.07413e-12     -1.45318e-15     
2w     0.14     0.0     -0.14     0.0     0.0     -4.8254e-12      9.652279e-12     -4.8254e-12      -1.61216e-15     
2w     0.15     0.0     -0.15     0.0     0.0     -3.63333e-12     7.268408e-12     -3.63333e-12     -1.78501e-15     
2w     0.16     0.0     -0.16     0.0     0.0     -3.17835e-12     6.358469e-12     -3.17835e-12     -1.97483e-15     
2w     0.17     0.0     -0.17     0.0     0.0     -4.71723e-12     9.436674e-12     -4.71723e-12     -2.18548e-15     
2w     0.18     0.0     -0.18     0.0     0.0     -7.77874e-12     1.555978e-11     -7.77874e-12     -2.42171e-15     
2w     0.19     0.0     -0.19     0.0     0.0     -1.18484e-11     2.369971e-11     -1.18484e-11     -2.68937e-15     
2w     0.2      0.0     -0.2      0.0     0.0     -1.69668e-11     3.393685e-11     -1.69668e-11     -2.99562e-15     
2w     0.21     0.0     -0.21     0.0     0.0     -2.33497e-11     4.670309e-11     -2.33497e-11     -3.34918e-15     
2w     0.22     0.0     -0.22     0.0     0.0     -3.12953e-11     6.259393e-11     -3.12953e-11     -3.76066e-15     
2w     0.23     0.0     -0.23     0.0     0.0     -4.11445e-11     8.229328e-11     -4.11445e-11     -4.24295e-15     
2w     0.24     0.0     -0.24     0.0     0.0     -5.32369e-11     1.064788e-10     -5.32369e-11     -4.81168e-15     
2w     0.25     0.0     -0.25     0.0     0.0     -6.78619e-11     1.357301e-10     -6.78619e-11     -5.48576e-15     
2w     0.26     0.0     -0.26     0.0     0.0     -8.52198e-11     1.704459e-10     -8.52198e-11     -6.28809e-15     
2w     0.27     0.0     -0.27     0.0     0.0     -1.05409e-10     2.108247e-10     -1.05409e-10     -7.24634e-15     
2w     0.28     0.0     -0.28     0.0     0.0     -1.28441e-10     2.568905e-10     -1.28441e-10     -8.3939e-15      
2w     0.29     0.0     -0.29     0.0     0.0     -1.54274e-10     3.08559e-10      -1.54274e-10     -9.77106e-15     
2w     0.3      0.0     -0.3      0.0     0.0     -1.82845e-10     3.65703e-10      -1.82845e-10     -1.14263e-14     
2w     0.31     0.0     -0.31     0.0     0.0     -2.14095e-10     4.282037e-10     -2.14095e-10     -1.34181e-14     
2w     0.32     0.0     -0.32     0.0     0.0     -2.47981e-10     4.959775e-10     -2.47981e-10     -1.58166e-14     
2w     0.33     0.0     -0.33     0.0     0.0     -2.84483e-10     5.689849e-10     -2.84483e-10     -1.8706e-14      
2w     0.34     0.0     -0.34     0.0     0.0     -3.23602e-10     6.472267e-10     -3.23602e-10     -2.21873e-14     
2w     0.35     0.0     -0.35     0.0     0.0     -3.65358e-10     7.307421e-10     -3.65358e-10     -2.63818e-14     
2w     0.36     0.0     -0.36     0.0     0.0     -4.09784e-10     8.195999e-10     -4.09784e-10     -3.14342e-14     
2w     0.37     0.0     -0.37     0.0     0.0     -4.56927e-10     9.138921e-10     -4.56927e-10     -3.75182e-14     
2w     0.38     0.0     -0.38     0.0     0.0     -5.06841e-10     1.013727e-09     -5.06841e-10     -4.48411e-14     
2w     0.39     0.0     -0.39     0.0     0.0     -5.59586e-10     1.119225e-09     -5.59586e-10     -5.36508e-14     
2w     0.4      0.0     -0.4      0.0     0.0     -6.15228e-10     1.23052e-09      -6.15228e-10     -6.42434e-14     
2w     0.41     0.0     -0.41     0.0     0.0     -6.73837e-10     1.347751e-09     -6.73837e-10     -7.69721e-14     
2w     0.42     0.0     -0.42     0.0     0.0     -7.35486e-10     1.471064e-09     -7.35486e-10     -9.22589e-14     
2w     0.43     0.0     -0.43     0.0     0.0     -8.0025e-10      1.60061e-09      -8.0025e-10      -1.10607e-13     
2w     0.44     0.0     -0.44     0.0     0.0     -8.68206e-10     1.736545e-09     -8.68206e-10     -1.32616e-13     
2w     0.45     0.0     -0.45     0.0     0.0     -9.39434e-10     1.879028e-09     -9.39434e-10     -1.59001e-13     
2w     0.46     0.0     -0.46     0.0     0.0     -1.01402e-09     2.028223e-09     -1.01402e-09     -1.90615e-13     
2w     0.47     0.0     -0.47     0.0     0.0     -1.09203e-09     2.184297e-09     -1.09203e-09     -2.28473e-13     
2w     0.48     0.0     -0.48     0.0     0.0     -1.17357e-09     2.347424e-09     -1.17357e-09     -2.73785e-13     
2w     0.49     0.0     -0.49     0.0     0.0     -1.25872e-09     2.517775e-09     -1.25872e-09     -3.27991e-13     
2w     0.5      0.0     -0.5      0.0     0.0     -1.34757e-09     2.695534e-09     -1.34757e-09     -3.92806e-13     
2w     0.51     0.0     -0.51     0.0     0.0     -1.4402e-09      2.88088e-09      -1.4402e-09      -4.70272e-13     
2w     0.52     0.0     -0.52     0.0     0.0     -1.53672e-09     3.074002e-09     -1.53672e-09     -5.62817e-13     
2w     0.53     0.0     -0.53     0.0     0.0     -1.63721e-09     3.275094e-09     -1.63721e-09     -6.73332e-13     
2w     0.54     0.0     -0.54     0.0     0.0     -1.74177e-09     3.484348e-09     -1.74177e-09     -8.05253e-13     
2w     0.55     0.0     -0.55     0.0     0.0     -1.8505e-09      3.701969e-09     -1.8505e-09      -9.62669e-13     
2w     0.56     0.0     -0.56     0.0     0.0     -1.9635e-09      3.928158e-09     -1.9635e-09      -1.15044e-12     
2w     0.57     0.0     -0.57     0.0     0.0     -2.08088e-09     4.163131e-09     -2.08088e-09     -1.37434e-12     
2w     0.58     0.0     -0.58     0.0     0.0     -2.20273e-09     4.4071e-09       -2.20273e-09     -1.64124e-12     
2w     0.59     0.0     -0.59     0.0     0.0     -2.32916e-09     4.660286e-09     -2.32916e-09     -1.9593e-12      
2w     0.6      0.0     -0.6      0.0     0.0     -2.46029e-09     4.922919e-09     -2.46029e-09     -2.33821e-12     
2w     0.61     0.0     -0.61     0.0     0.0     -2.59622e-09     5.195232e-09     -2.59622e-09     -2.78949e-12     
2w     0.62     0.0     -0.62     0.0     0.0     -2.73707e-09     5.477462e-09     -2.73707e-09     -3.3268e-12      
2w     0.63     0.0     -0.63     0.0     0.0     -2.88295e-09     5.769859e-09     -2.88295e-09     -3.96638e-12     
2w     0.64     0.0     -0.64     0.0     0.0     -3.03398e-09     6.072678e-09     -3.03398e-09     -4.7275e-12      
2w     0.65     0.0     -0.65     0.0     0.0     -3.19027e-09     6.386179e-09     -3.19027e-09     -5.63303e-12     
2w     0.66     0.0     -0.66     0.0     0.0     -3.35196e-09     6.710635e-09     -3.35196e-09     -6.71011e-12     
2w     0.67     0.0     -0.67     0.0     0.0     -3.51917e-09     7.046329e-09     -3.51917e-09     -7.99093e-12     
2w     0.68     0.0     -0.68     0.0     0.0     -3.69202e-09     7.39355e-09      -3.69202e-09     -9.51368e-12     
2w     0.69     0.0     -0.69     0.0     0.0     -3.87064e-09     7.752606e-09     -3.87064e-09     -1.13236e-11     
2w     0.7      0.0     -0.7      0.0     0.0     -4.05517e-09     8.123814e-09     -4.05517e-09     -1.34745e-11     
2w     0.71     0.0     -0.71     0.0     0.0     -4.24574e-09     8.507501e-09     -4.24574e-09     -1.60299e-11     
2w     0.72     0.0     -0.72     0.0     0.0     -4.44248e-09     8.904026e-09     -4.44248e-09     -1.90652e-11     
2w     0.73     0.0     -0.73     0.0     0.0     -4.64554e-09     9.313751e-09     -4.64554e-09     -2.26697e-11     
2w     0.74     0.0     -0.74     0.0     0.0     -4.85506e-09     9.737067e-09     -4.85506e-09     -2.69492e-11     
2w     0.75     0.0     -0.75     0.0     0.0     -5.07118e-09     1.017439e-08     -5.07118e-09     -3.2029e-11      
2w     0.76     0.0     -0.76     0.0     0.0     -5.29406e-09     1.062617e-08     -5.29406e-09     -3.80573e-11     
2w     0.77     0.0     -0.77     0.0     0.0     -5.52383e-09     1.109287e-08     -5.52383e-09     -4.52094e-11     
2w     0.78     0.0     -0.78     0.0     0.0     -5.76066e-09     1.157501e-08     -5.76066e-09     -5.36928e-11     
2w     0.79     0.0     -0.79     0.0     0.0     -6.0047e-09      1.207315e-08     -6.0047e-09      -6.37527e-11     
2w     0.8      0.0     -0.8      0.0     0.0     -6.25611e-09     1.25879e-08      -6.25611e-09     -7.56787e-11     
2w     0.81     0.0     -0.81     0.0     0.0     -6.51505e-09     1.311992e-08     -6.51505e-09     -8.9813e-11      
2w     0.82     0.0     -0.82     0.0     0.0     -6.78169e-09     1.366995e-08     -6.78169e-09     -1.0656e-10      
2w     0.83     0.0     -0.83     0.0     0.0     -7.0562e-09      1.423879e-08     -7.0562e-09      -1.26395e-10     
2w     0.84     0.0     -0.84     0.0     0.0     -7.33874e-09     1.482736e-08     -7.33874e-09     -1.49881e-10     
2w     0.85     0.0     -0.85     0.0     0.0     -7.62949e-09     1.543665e-08     -7.62949e-09     -1.77678e-10     
2w     0.86     0.0     -0.86     0.0     0.0     -7.92863e-09     1.606782e-08     -7.92863e-09     -2.10566e-10     
2w     0.87     0.0     -0.87     0.0     0.0     -8.23633e-09     1.672212e-08     -8.23633e-09     -2.4946e-10      
2w     0.88     0.0     -0.88     0.0     0.0     -8.55279e-09     1.740101e-08     -8.55279e-09     -2.95436e-10     
2w     0.89     0.0     -0.89     0.0     0.0     -8.87818e-09     1.810612e-08     -8.87818e-09     -3.49754e-10     
2w     0.9      0.0     -0.9      0.0     0.0     -9.21271e-09     1.883931e-08     -9.21271e-09     -4.13892e-10     
3w     0.01     0.0     -0.01     0.0     0.0     -3.79051e-12     7.581144e-12     -3.79051e-12     -1.39384e-16     
3w     0.02     0.0     -0.02     0.0     0.0     -7.00419e-12     1.400868e-11     -7.00419e-12     -2.83812e-16     
3w     0.03     0.0     -0.03     0.0     0.0     -9.65892e-12     1.931827e-11     -9.65892e-12     -4.3327e-16      
3w     0.04     0.0     -0.04     0.0     0.0     -1.17724e-11     2.354533e-11     -1.17724e-11     -5.8799e-16      
3w     0.05     0.0     -0.05     0.0     0.0     -1.33623e-11     2.67254e-11      -1.33623e-11     -7.48269e-16     
3w     0.06     0.0     -0.06     0.0     0.0     -1.44465e-11     2.889389e-11     -1.44465e-11     -9.14494e-16     
3w     0.07     0.0     -0.07     0.0     0.0     -1.50431e-11     3.008721e-11     -1.50431e-11     -1.08717e-15     
3w     0.08     0.0     -0.08     0.0     0.0     -1.51712e-11     3.034351e-11     -1.51712e-11     -1.26696e-15     
3w     0.09     0.0     -0.09     0.0     0.0     -1.48514e-11     2.970424e-11     -1.48514e-11     -1.45474e-15     
3w     0.1      0.0     -0.1      0.0     0.0     -1.41074e-11     2.821643e-11     -1.41074e-11     -1.65165e-15     
3w     0.11     0.0     -0.11     0.0     0.0     -1.29677e-11     2.593714e-11     -1.29677e-11     -1.85918e-15     
3w     0.12     0.0     -0.12     0.0     0.0     -1.14704e-11     2.294298e-11     -1.14704e-11     -2.07925e-15     
3w     0.13     0.0     -0.13     0.0     0.0     -9.67362e-12     1.934952e-11     -9.67362e-12     -2.31432e-15     
3w     0.14     0.0     -0.14     0.0     0.0     -7.6849e-12      1.537237e-11     -7.6849e-12      -2.56752e-15     
3w     0.15     0.0     -0.15     0.0     0.0     -5.78641e-12     1.157563e-11     -5.78641e-12     -2.8428e-15      
3w     0.16     0.0     -0.16     0.0     0.0     -5.06182e-12     1.012679e-11     -5.06182e-12     -3.14511e-15     
3w     0.17     0.0     -0.17     0.0     0.0     -7.51263e-12     1.502864e-11     -7.51263e-12     -3.48058e-15     
3w     0.18     0.0     -0.18     0.0     0.0     -1.23884e-11     2.47804e-11      -1.23884e-11     -3.85679e-15     
3w     0.19     0.0     -0.19     0.0     0.0     -1.88697e-11     3.774381e-11     -1.88697e-11     -4.28307e-15     
3w     0.2      0.0     -0.2      0.0     0.0     -2.70212e-11     5.404721e-11     -2.70212e-11     -4.7708e-15      
3w     0.21     0.0     -0.21     0.0     0.0     -3.71866e-11     7.437828e-11     -3.71866e-11     -5.33387e-15     
3w     0.22     0.0     -0.22     0.0     0.0     -4.98407e-11     9.968737e-11     -4.98407e-11     -5.9892e-15      
3w     0.23     0.0     -0.23     0.0     0.0     -6.55264e-11     1.310598e-10     -6.55264e-11     -6.75729e-15     
3w     0.24     0.0     -0.24     0.0     0.0     -8.47847e-11     1.695772e-10     -8.47847e-11     -7.66304e-15     
3w     0.25     0.0     -0.25     0.0     0.0     -1.08076e-10     2.161613e-10     -1.08076e-10     -8.73658e-15     
3w     0.26     0.0     -0.26     0.0     0.0     -1.3572e-10      2.714506e-10     -1.3572e-10      -1.00144e-14     
3w     0.27     0.0     -0.27     0.0     0.0     -1.67873e-10     3.357583e-10     -1.67873e-10     -1.15405e-14     
3w     0.28     0.0     -0.28     0.0     0.0     -2.04554e-10     4.091223e-10     -2.04554e-10     -1.33681e-14     
3w     0.29     0.0     -0.29     0.0     0.0     -2.45696e-10     4.914078e-10     -2.45696e-10     -1.55613e-14     
3w     0.3      0.0     -0.3      0.0     0.0     -2.91198e-10     5.824152e-10     -2.91198e-10     -1.81975e-14     
3w     0.31     0.0     -0.31     0.0     0.0     -3.40966e-10     6.819538e-10     -3.40966e-10     -2.13696e-14     
3w     0.32     0.0     -0.32     0.0     0.0     -3.94933e-10     7.898904e-10     -3.94933e-10     -2.51894e-14     
3w     0.33     0.0     -0.33     0.0     0.0     -4.53065e-10     9.061609e-10     -4.53065e-10     -2.9791e-14      
3w     0.34     0.0     -0.34     0.0     0.0     -5.15366e-10     1.030768e-09     -5.15366e-10     -3.53354e-14     
3w     0.35     0.0     -0.35     0.0     0.0     -5.81866e-10     1.163774e-09     -5.81866e-10     -4.20154e-14     
3w     0.36     0.0     -0.36     0.0     0.0     -6.52619e-10     1.305289e-09     -6.52619e-10     -5.00619e-14     
3w     0.37     0.0     -0.37     0.0     0.0     -7.27699e-10     1.455458e-09     -7.27699e-10     -5.97512e-14     
3w     0.38     0.0     -0.38     0.0     0.0     -8.07191e-10     1.614453e-09     -8.07191e-10     -7.14136e-14     
3w     0.39     0.0     -0.39     0.0     0.0     -8.91192e-10     1.782469e-09     -8.91192e-10     -8.54439e-14     
3w     0.4      0.0     -0.4      0.0     0.0     -9.79807e-10     1.959717e-09     -9.79807e-10     -1.02313e-13     
3w     0.41     0.0     -0.41     0.0     0.0     -1.07315e-09     2.146419e-09     -1.07315e-09     -1.22585e-13     
3w     0.42     0.0     -0.42     0.0     0.0     -1.17133e-09     2.342806e-09     -1.17133e-09     -1.46931e-13     
3w     0.43     0.0     -0.43     0.0     0.0     -1.27447e-09     2.54912e-09      -1.27447e-09     -1.76152e-13     
3w     0.44     0.0     -0.44     0.0     0.0     -1.3827e-09      2.765608e-09     -1.3827e-09      -2.11203e-13     
3w     0.45     0.0     -0.45     0.0     0.0     -1.49614e-09     2.992525e-09     -1.49614e-09     -2.53224e-13     
3w     0.46     0.0     -0.46     0.0     0.0     -1.61491e-09     3.230133e-09     -1.61491e-09     -3.03572e-13     
3w     0.47     0.0     -0.47     0.0     0.0     -1.73917e-09     3.478696e-09     -1.73917e-09     -3.63864e-13     
3w     0.48     0.0     -0.48     0.0     0.0     -1.86903e-09     3.738489e-09     -1.86903e-09     -4.36028e-13     
3w     0.49     0.0     -0.49     0.0     0.0     -2.00463e-09     4.009791e-09     -2.00463e-09     -5.22356e-13     
3w     0.5      0.0     -0.5      0.0     0.0     -2.14613e-09     4.292886e-09     -2.14613e-09     -6.2558e-13      
3w     0.51     0.0     -0.51     0.0     0.0     -2.29366e-09     4.588068e-09     -2.29366e-09     -7.48952e-13     
3w     0.52     0.0     -0.52     0.0     0.0     -2.44737e-09     4.895635e-09     -2.44737e-09     -8.96339e-13     
3w     0.53     0.0     -0.53     0.0     0.0     -2.60741e-09     5.21589e-09      -2.60741e-09     -1.07234e-12     
3w     0.54     0.0     -0.54     0.0     0.0     -2.77393e-09     5.549148e-09     -2.77393e-09     -1.28244e-12     
3w     0.55     0.0     -0.55     0.0     0.0     -2.9471e-09      5.895727e-09     -2.9471e-09      -1.53314e-12     
3w     0.56     0.0     -0.56     0.0     0.0     -3.12706e-09     6.255958e-09     -3.12706e-09     -1.83218e-12     
3w     0.57     0.0     -0.57     0.0     0.0     -3.31399e-09     6.630172e-09     -3.31399e-09     -2.18877e-12     
3w     0.58     0.0     -0.58     0.0     0.0     -3.50805e-09     7.018714e-09     -3.50805e-09     -2.61383e-12     
3w     0.59     0.0     -0.59     0.0     0.0     -3.70941e-09     7.421938e-09     -3.70941e-09     -3.12037e-12     
3w     0.6      0.0     -0.6      0.0     0.0     -3.91824e-09     7.840205e-09     -3.91824e-09     -3.72382e-12     
3w     0.61     0.0     -0.61     0.0     0.0     -4.13472e-09     8.273886e-09     -4.13472e-09     -4.44252e-12     
3w     0.62     0.0     -0.62     0.0     0.0     -4.35903e-09     8.723366e-09     -4.35903e-09     -5.29823e-12     
3w     0.63     0.0     -0.63     0.0     0.0     -4.59136e-09     9.189035e-09     -4.59136e-09     -6.31682e-12     
3w     0.64     0.0     -0.64     0.0     0.0     -4.83189e-09     9.671301e-09     -4.83189e-09     -7.52898e-12     
3w     0.65     0.0     -0.65     0.0     0.0     -5.0808e-09      1.017058e-08     -5.0808e-09      -8.97112e-12     
3w     0.66     0.0     -0.66     0.0     0.0     -5.33831e-09     1.068731e-08     -5.33831e-09     -1.06865e-11     
3w     0.67     0.0     -0.67     0.0     0.0     -5.6046e-09      1.122193e-08     -5.6046e-09      -1.27263e-11     
3w     0.68     0.0     -0.68     0.0     0.0     -5.87988e-09     1.177491e-08     -5.87988e-09     -1.51514e-11     
3w     0.69     0.0     -0.69     0.0     0.0     -6.16435e-09     1.234674e-08     -6.16435e-09     -1.80339e-11     
3w     0.7      0.0     -0.7      0.0     0.0     -6.45823e-09     1.293792e-08     -6.45823e-09     -2.14594e-11     
3w     0.71     0.0     -0.71     0.0     0.0     -6.76173e-09     1.354899e-08     -6.76173e-09     -2.5529e-11      
3w     0.72     0.0     -0.72     0.0     0.0     -7.07506e-09     1.418049e-08     -7.07506e-09     -3.0363e-11      
3w     0.73     0.0     -0.73     0.0     0.0     -7.39845e-09     1.483301e-08     -7.39845e-09     -3.61036e-11     
3w     0.74     0.0     -0.74     0.0     0.0     -7.73213e-09     1.550718e-08     -7.73213e-09     -4.29191e-11     
3w     0.75     0.0     -0.75     0.0     0.0     -8.07633e-09     1.620366e-08     -8.07633e-09     -5.10092e-11     
3w     0.76     0.0     -0.76     0.0     0.0     -8.43127e-09     1.692316e-08     -8.43127e-09     -6.06098e-11     
3w     0.77     0.0     -0.77     0.0     0.0     -8.79721e-09     1.766642e-08     -8.79721e-09     -7.20002e-11     
3w     0.78     0.0     -0.78     0.0     0.0     -9.17439e-09     1.843428e-08     -9.17439e-09     -8.55108e-11     
3w     0.79     0.0     -0.79     0.0     0.0     -9.56304e-09     1.922762e-08     -9.56304e-09     -1.01532e-10     
3w     0.8      0.0     -0.8      0.0     0.0     -9.96344e-09     2.00474e-08      -9.96344e-09     -1.20525e-10     
3w     0.81     0.0     -0.81     0.0     0.0     -1.03758e-08     2.089469e-08     -1.03758e-08     -1.43036e-10     
3w     0.82     0.0     -0.82     0.0     0.0     -1.08005e-08     2.177066e-08     -1.08005e-08     -1.69706e-10     
3w     0.83     0.0     -0.83     0.0     0.0     -1.12376e-08     2.267659e-08     -1.12376e-08     -2.01296e-10     
3w     0.84     0.0     -0.84     0.0     0.0     -1.16876e-08     2.361394e-08     -1.16876e-08     -2.38699e-10     
3w     0.85     0.0     -0.85     0.0     0.0     -1.21507e-08     2.45843e-08      -1.21507e-08     -2.82969e-10     
3w     0.86     0.0     -0.86     0.0     0.0     -1.26271e-08     2.558949e-08     -1.26271e-08     -3.35346e-10     
3w     0.87     0.0     -0.87     0.0     0.0     -1.31171e-08     2.663153e-08     -1.31171e-08     -3.97288e-10     
3w     0.88     0.0     -0.88     0.0     0.0     -1.36211e-08     2.771272e-08     -1.36211e-08     -4.70508e-10     
3w     0.89     0.0     -0.89     0.0     0.0     -1.41393e-08     2.883567e-08     -1.41393e-08     -5.57015e-10     
3w     0.9      0.0     -0.9      0.0     0.0     -1.46721e-08     3.000335e-08     -1.46721e-08     -6.59162e-10     
4w     0.01     0.0     -0.01     0.0     0.0     -5.20093e-12     1.040206e-11     -5.20093e-12     -1.91247e-16     
4w     0.02     0.0     -0.02     0.0     0.0     -9.6104e-12      1.922118e-11     -9.6104e-12      -3.89417e-16     
4w     0.03     0.0     -0.03     0.0     0.0     -1.32529e-11     2.650646e-11     -1.32529e-11     -5.94487e-16     
4w     0.04     0.0     -0.04     0.0     0.0     -1.61528e-11     3.230649e-11     -1.61528e-11     -8.06777e-16     
4w     0.05     0.0     -0.05     0.0     0.0     -1.83344e-11     3.666975e-11     -1.83344e-11     -1.02669e-15     
4w     0.06     0.0     -0.06     0.0     0.0     -1.98219e-11     3.964512e-11     -1.98219e-11     -1.25477e-15     
4w     0.07     0.0     -0.07     0.0     0.0     -2.06405e-11     4.128248e-11     -2.06405e-11     -1.4917e-15      
4w     0.08     0.0     -0.08     0.0     0.0     -2.08163e-11     4.16342e-11      -2.08163e-11     -1.73839e-15     
4w     0.09     0.0     -0.09     0.0     0.0     -2.03775e-11     4.075706e-11     -2.03775e-11     -1.99604e-15     
4w     0.1      0.0     -0.1      0.0     0.0     -1.93567e-11     3.871559e-11     -1.93567e-11     -2.26622e-15     
4w     0.11     0.0     -0.11     0.0     0.0     -1.77929e-11     3.55882e-11      -1.77929e-11     -2.55097e-15     
4w     0.12     0.0     -0.12     0.0     0.0     -1.57385e-11     3.147993e-11     -1.57385e-11     -2.85292e-15     
4w     0.13     0.0     -0.13     0.0     0.0     -1.32731e-11     2.654943e-11     -1.32731e-11     -3.17546e-15     
4w     0.14     0.0     -0.14     0.0     0.0     -1.05444e-11     2.109235e-11     -1.05444e-11     -3.52287e-15     
4w     0.15     0.0     -0.15     0.0     0.0     -7.9395e-12      1.588296e-11     -7.9395e-12      -3.90059e-15     
4w     0.16     0.0     -0.16     0.0     0.0     -6.94528e-12     1.389477e-11     -6.94528e-12     -4.31538e-15     
4w     0.17     0.0     -0.17     0.0     0.0     -1.0308e-11      2.062084e-11     -1.0308e-11      -4.77568e-15     
4w     0.18     0.0     -0.18     0.0     0.0     -1.6998e-11      3.400125e-11     -1.6998e-11      -5.29188e-15     
4w     0.19     0.0     -0.19     0.0     0.0     -2.58909e-11     5.178769e-11     -2.58909e-11     -5.87677e-15     
4w     0.2      0.0     -0.2      0.0     0.0     -3.70756e-11     7.415768e-11     -3.70756e-11     -6.54598e-15     
4w     0.21     0.0     -0.21     0.0     0.0     -5.10234e-11     1.020543e-10     -5.10234e-11     -7.31857e-15     
4w     0.22     0.0     -0.22     0.0     0.0     -6.8386e-11      1.367801e-10     -6.8386e-11      -8.21773e-15     
4w     0.23     0.0     -0.23     0.0     0.0     -8.99083e-11     1.798259e-10     -8.99083e-11     -9.27163e-15     
4w     0.24     0.0     -0.24     0.0     0.0     -1.16333e-10     2.326757e-10     -1.16333e-10     -1.05144e-14     
4w     0.25     0.0     -0.25     0.0     0.0     -1.48291e-10     2.965936e-10     -1.48291e-10     -1.19874e-14     
4w     0.26     0.0     -0.26     0.0     0.0     -1.86221e-10     3.724556e-10     -1.86221e-10     -1.37406e-14     
4w     0.27     0.0     -0.27     0.0     0.0     -2.30338e-10     4.606913e-10     -2.30338e-10     -1.58346e-14     
4w     0.28     0.0     -0.28     0.0     0.0     -2.80668e-10     5.613536e-10     -2.80668e-10     -1.83422e-14     
4w     0.29     0.0     -0.29     0.0     0.0     -3.37118e-10     6.742575e-10     -3.37118e-10     -2.13516e-14     
4w     0.3      0.0     -0.3      0.0     0.0     -3.99551e-10     7.991274e-10     -3.99551e-10     -2.49687e-14     
4w     0.31     0.0     -0.31     0.0     0.0     -4.67837e-10     9.357042e-10     -4.67837e-10     -2.93211e-14     
4w     0.32     0.0     -0.32     0.0     0.0     -5.41884e-10     1.083803e-09     -5.41884e-10     -3.45622e-14     
4w     0.33     0.0     -0.33     0.0     0.0     -6.21648e-10     1.243337e-09     -6.21648e-10     -4.0876e-14      
4w     0.34     0.0     -0.34     0.0     0.0     -7.07131e-10     1.41431e-09      -7.07131e-10     -4.84834e-14     
4w     0.35     0.0     -0.35     0.0     0.0     -7.98374e-10     1.596807e-09     -7.98374e-10     -5.7649e-14      
4w     0.36     0.0     -0.36     0.0     0.0     -8.95455e-10     1.790978e-09     -8.95455e-10     -6.86896e-14     
4w     0.37     0.0     -0.37     0.0     0.0     -9.9847e-10      1.997023e-09     -9.9847e-10      -8.19842e-14     
4w     0.38     0.0     -0.38     0.0     0.0     -1.10754e-09     2.215179e-09     -1.10754e-09     -9.79861e-14     
4w     0.39     0.0     -0.39     0.0     0.0     -1.2228e-09      2.445714e-09     -1.2228e-09      -1.17237e-13     
4w     0.4      0.0     -0.4      0.0     0.0     -1.34439e-09     2.688914e-09     -1.34439e-09     -1.40384e-13     
4w     0.41     0.0     -0.41     0.0     0.0     -1.47246e-09     2.945086e-09     -1.47246e-09     -1.68198e-13     
4w     0.42     0.0     -0.42     0.0     0.0     -1.60717e-09     3.214548e-09     -1.60717e-09     -2.01603e-13     
4w     0.43     0.0     -0.43     0.0     0.0     -1.74869e-09     3.49763e-09      -1.74869e-09     -2.41696e-13     
4w     0.44     0.0     -0.44     0.0     0.0     -1.89719e-09     3.794672e-09     -1.89719e-09     -2.8979e-13      
4w     0.45     0.0     -0.45     0.0     0.0     -2.05284e-09     4.106024e-09     -2.05284e-09     -3.47447e-13     
4w     0.46     0.0     -0.46     0.0     0.0     -2.21581e-09     4.432042e-09     -2.21581e-09     -4.16529e-13     
4w     0.47     0.0     -0.47     0.0     0.0     -2.3863e-09      4.773094e-09     -2.3863e-09      -4.99256e-13     
4w     0.48     0.0     -0.48     0.0     0.0     -2.56448e-09     5.129555e-09     -2.56448e-09     -5.9827e-13      
4w     0.49     0.0     -0.49     0.0     0.0     -2.75054e-09     5.501805e-09     -2.75054e-09     -7.16721e-13     
4w     0.5      0.0     -0.5      0.0     0.0     -2.94469e-09     5.890239e-09     -2.94469e-09     -8.58354e-13     
4w     0.51     0.0     -0.51     0.0     0.0     -3.14711e-09     6.295257e-09     -3.14711e-09     -1.02763e-12     
4w     0.52     0.0     -0.52     0.0     0.0     -3.35802e-09     6.717266e-09     -3.35802e-09     -1.22986e-12     
4w     0.53     0.0     -0.53     0.0     0.0     -3.57761e-09     7.156686e-09     -3.57761e-09     -1.47135e-12     
4w     0.54     0.0     -0.54     0.0     0.0     -3.80609e-09     7.613946e-09     -3.80609e-09     -1.75963e-12     
4w     0.55     0.0     -0.55     0.0     0.0     -4.04369e-09     8.089487e-09     -4.04369e-09     -2.10361e-12     
4w     0.56     0.0     -0.56     0.0     0.0     -4.29062e-09     8.583755e-09     -4.29062e-09     -2.51392e-12     
4w     0.57     0.0     -0.57     0.0     0.0     -4.5471e-09      9.097212e-09     -4.5471e-09      -3.00319e-12     
4w     0.58     0.0     -0.58     0.0     0.0     -4.81337e-09     9.630329e-09     -4.81337e-09     -3.58642e-12     
4w     0.59     0.0     -0.59     0.0     0.0     -5.08965e-09     1.018359e-08     -5.08965e-09     -4.28144e-12     
4w     0.6      0.0     -0.6      0.0     0.0     -5.37619e-09     1.075749e-08     -5.37619e-09     -5.10943e-12     
4w     0.61     0.0     -0.61     0.0     0.0     -5.67322e-09     1.135254e-08     -5.67322e-09     -6.09555e-12     
4w     0.62     0.0     -0.62     0.0     0.0     -5.981e-09       1.196927e-08     -5.981e-09       -7.26967e-12     
4w     0.63     0.0     -0.63     0.0     0.0     -6.29977e-09     1.260821e-08     -6.29977e-09     -8.66727e-12     
4w     0.64     0.0     -0.64     0.0     0.0     -6.6298e-09      1.326993e-08     -6.6298e-09      -1.03305e-11     
4w     0.65     0.0     -0.65     0.0     0.0     -6.97134e-09     1.395498e-08     -6.97134e-09     -1.23092e-11     
4w     0.66     0.0     -0.66     0.0     0.0     -7.32466e-09     1.466398e-08     -7.32466e-09     -1.46628e-11     
4w     0.67     0.0     -0.67     0.0     0.0     -7.69004e-09     1.539753e-08     -7.69004e-09     -1.74617e-11     
4w     0.68     0.0     -0.68     0.0     0.0     -8.06774e-09     1.615628e-08     -8.06774e-09     -2.07891e-11     
4w     0.69     0.0     -0.69     0.0     0.0     -8.45807e-09     1.694088e-08     -8.45807e-09     -2.47442e-11     
4w     0.7      0.0     -0.7      0.0     0.0     -8.86129e-09     1.775203e-08     -8.86129e-09     -2.94443e-11     
4w     0.71     0.0     -0.71     0.0     0.0     -9.27772e-09     1.859047e-08     -9.27772e-09     -3.50282e-11     
4w     0.72     0.0     -0.72     0.0     0.0     -9.70764e-09     1.945694e-08     -9.70764e-09     -4.16609e-11     
4w     0.73     0.0     -0.73     0.0     0.0     -1.01514e-08     2.035227e-08     -1.01514e-08     -4.95374e-11     
4w     0.74     0.0     -0.74     0.0     0.0     -1.06092e-08     2.12773e-08      -1.06092e-08     -5.8889e-11      
4w     0.75     0.0     -0.75     0.0     0.0     -1.10815e-08     2.223293e-08     -1.10815e-08     -6.99893e-11     
4w     0.76     0.0     -0.76     0.0     0.0     -1.15685e-08     2.322014e-08     -1.15685e-08     -8.31623e-11     
4w     0.77     0.0     -0.77     0.0     0.0     -1.20706e-08     2.423998e-08     -1.20706e-08     -9.8791e-11      
4w     0.78     0.0     -0.78     0.0     0.0     -1.25881e-08     2.529355e-08     -1.25881e-08     -1.17329e-10     
4w     0.79     0.0     -0.79     0.0     0.0     -1.31214e-08     2.638208e-08     -1.31214e-08     -1.39311e-10     
4w     0.8      0.0     -0.8      0.0     0.0     -1.36708e-08     2.75069e-08      -1.36708e-08     -1.65372e-10     
4w     0.81     0.0     -0.81     0.0     0.0     -1.42366e-08     2.866946e-08     -1.42366e-08     -1.96258e-10     
4w     0.82     0.0     -0.82     0.0     0.0     -1.48193e-08     2.987137e-08     -1.48193e-08     -2.32853e-10     
4w     0.83     0.0     -0.83     0.0     0.0     -1.54191e-08     3.11144e-08      -1.54191e-08     -2.76196e-10     
4w     0.84     0.0     -0.84     0.0     0.0     -1.60365e-08     3.240052e-08     -1.60365e-08     -3.27517e-10     
4w     0.85     0.0     -0.85     0.0     0.0     -1.66718e-08     3.373195e-08     -1.66718e-08     -3.88259e-10     
4w     0.86     0.0     -0.86     0.0     0.0     -1.73255e-08     3.511116e-08     -1.73255e-08     -4.60126e-10     
4w     0.87     0.0     -0.87     0.0     0.0     -1.79979e-08     3.654093e-08     -1.79979e-08     -5.45117e-10     
4w     0.88     0.0     -0.88     0.0     0.0     -1.86894e-08     3.802443e-08     -1.86894e-08     -6.45581e-10     
4w     0.89     0.0     -0.89     0.0     0.0     -1.94005e-08     3.956522e-08     -1.94005e-08     -7.64276e-10     
4w     0.9      0.0     -0.9      0.0     0.0     -2.01315e-08     4.116738e-08     -2.01315e-08     -9.04432e-10     
6w     0.01     0.0     -0.01     0.0     0.0     -8.02178e-12     1.604386e-11     -8.02178e-12     -2.94975e-16     
6w     0.02     0.0     -0.02     0.0     0.0     -1.48228e-11     2.964624e-11     -1.48228e-11     -6.00626e-16     
6w     0.03     0.0     -0.03     0.0     0.0     -2.0441e-11      4.088282e-11     -2.0441e-11      -9.16921e-16     
6w     0.04     0.0     -0.04     0.0     0.0     -2.49137e-11     4.982866e-11     -2.49137e-11     -1.24435e-15     
6w     0.05     0.0     -0.05     0.0     0.0     -2.82784e-11     5.655845e-11     -2.82784e-11     -1.58355e-15     
6w     0.06     0.0     -0.06     0.0     0.0     -3.05728e-11     6.114753e-11     -3.05728e-11     -1.93532e-15     
6w     0.07     0.0     -0.07     0.0     0.0     -3.18353e-11     6.367298e-11     -3.18353e-11     -2.30075e-15     
6w     0.08     0.0     -0.08     0.0     0.0     -3.21064e-11     6.421552e-11     -3.21064e-11     -2.68125e-15     
6w     0.09     0.0     -0.09     0.0     0.0     -3.14298e-11     6.28626e-11      -3.14298e-11     -3.07864e-15     
6w     0.1      0.0     -0.1      0.0     0.0     -2.98552e-11     5.97139e-11      -2.98552e-11     -3.49536e-15     
6w     0.11     0.0     -0.11     0.0     0.0     -2.74432e-11     5.489037e-11     -2.74432e-11     -3.93455e-15     
6w     0.12     0.0     -0.12     0.0     0.0     -2.42747e-11     4.855372e-11     -2.42747e-11     -4.40027e-15     
6w     0.13     0.0     -0.13     0.0     0.0     -2.04721e-11     4.094908e-11     -2.04721e-11     -4.89774e-15     
6w     0.14     0.0     -0.14     0.0     0.0     -1.62634e-11     3.253231e-11     -1.62634e-11     -5.43359e-15     
6w     0.15     0.0     -0.15     0.0     0.0     -1.22457e-11     2.449729e-11     -1.22457e-11     -6.01616e-15     
6w     0.16     0.0     -0.16     0.0     0.0     -1.07122e-11     2.143113e-11     -1.07122e-11     -6.65592e-15     
6w     0.17     0.0     -0.17     0.0     0.0     -1.58988e-11     3.180489e-11     -1.58988e-11     -7.36587e-15     
6w     0.18     0.0     -0.18     0.0     0.0     -2.62172e-11     5.244261e-11     -2.62172e-11     -8.16205e-15     
6w     0.19     0.0     -0.19     0.0     0.0     -3.99335e-11     7.987599e-11     -3.99335e-11     -9.06417e-15     
6w     0.2      0.0     -0.2      0.0     0.0     -5.71844e-11     1.14379e-10      -5.71844e-11     -1.00963e-14     
6w     0.21     0.0     -0.21     0.0     0.0     -7.86971e-11     1.574055e-10     -7.86971e-11     -1.1288e-14      
6w     0.22     0.0     -0.22     0.0     0.0     -1.05477e-10     2.109661e-10     -1.05477e-10     -1.26748e-14     
6w     0.23     0.0     -0.23     0.0     0.0     -1.38672e-10     2.773587e-10     -1.38672e-10     -1.43003e-14     
6w     0.24     0.0     -0.24     0.0     0.0     -1.79428e-10     3.588725e-10     -1.79428e-10     -1.62171e-14     
6w     0.25     0.0     -0.25     0.0     0.0     -2.2872e-10      4.574581e-10     -2.2872e-10      -1.8489e-14      
6w     0.26     0.0     -0.26     0.0     0.0     -2.87222e-10     5.744655e-10     -2.87222e-10     -2.11932e-14     
6w     0.27     0.0     -0.27     0.0     0.0     -3.55267e-10     7.105578e-10     -3.55267e-10     -2.44228e-14     
6w     0.28     0.0     -0.28     0.0     0.0     -4.32894e-10     8.658166e-10     -4.32894e-10     -2.82906e-14     
6w     0.29     0.0     -0.29     0.0     0.0     -5.19962e-10     1.039957e-09     -5.19962e-10     -3.29321e-14     
6w     0.3      0.0     -0.3      0.0     0.0     -6.16257e-10     1.232552e-09     -6.16257e-10     -3.8511e-14      
6w     0.31     0.0     -0.31     0.0     0.0     -7.2158e-10      1.443204e-09     -7.2158e-10      -4.52241e-14     
6w     0.32     0.0     -0.32     0.0     0.0     -8.35788e-10     1.671629e-09     -8.35788e-10     -5.33078e-14     
6w     0.33     0.0     -0.33     0.0     0.0     -9.58813e-10     1.917689e-09     -9.58813e-10     -6.30461e-14     
6w     0.34     0.0     -0.34     0.0     0.0     -1.09066e-09     2.181393e-09     -1.09066e-09     -7.47795e-14     
6w     0.35     0.0     -0.35     0.0     0.0     -1.23139e-09     2.462871e-09     -1.23139e-09     -8.89163e-14     
6w     0.36     0.0     -0.36     0.0     0.0     -1.38112e-09     2.762355e-09     -1.38112e-09     -1.05945e-13     
6w     0.37     0.0     -0.37     0.0     0.0     -1.54001e-09     3.080154e-09     -1.54001e-09     -1.2645e-13      
6w     0.38     0.0     -0.38     0.0     0.0     -1.70824e-09     3.416633e-09     -1.70824e-09     -1.51131e-13     
6w     0.39     0.0     -0.39     0.0     0.0     -1.88601e-09     3.772203e-09     -1.88601e-09     -1.80823e-13     
6w     0.4      0.0     -0.4      0.0     0.0     -2.07355e-09     4.147309e-09     -2.07355e-09     -2.16524e-13     
6w     0.41     0.0     -0.41     0.0     0.0     -2.27108e-09     4.542421e-09     -2.27108e-09     -2.59425e-13     
6w     0.42     0.0     -0.42     0.0     0.0     -2.47886e-09     4.958031e-09     -2.47886e-09     -3.10947e-13     
6w     0.43     0.0     -0.43     0.0     0.0     -2.69714e-09     5.394649e-09     -2.69714e-09     -3.72786e-13     
6w     0.44     0.0     -0.44     0.0     0.0     -2.92618e-09     5.852799e-09     -2.92618e-09     -4.46964e-13     
6w     0.45     0.0     -0.45     0.0     0.0     -3.16624e-09     6.333019e-09     -3.16624e-09     -5.35892e-13     
6w     0.46     0.0     -0.46     0.0     0.0     -3.41761e-09     6.835861e-09     -3.41761e-09     -6.42443e-13     
6w     0.47     0.0     -0.47     0.0     0.0     -3.68056e-09     7.361891e-09     -3.68056e-09     -7.70038e-13     
6w     0.48     0.0     -0.48     0.0     0.0     -3.95538e-09     7.911686e-09     -3.95538e-09     -9.22756e-13     
6w     0.49     0.0     -0.49     0.0     0.0     -4.24237e-09     8.485836e-09     -4.24237e-09     -1.10545e-12     
6w     0.5      0.0     -0.5      0.0     0.0     -4.54181e-09     9.084945e-09     -4.54181e-09     -1.3239e-12      
6w     0.51     0.0     -0.51     0.0     0.0     -4.85402e-09     9.709632e-09     -4.85402e-09     -1.58499e-12     
6w     0.52     0.0     -0.52     0.0     0.0     -5.17932e-09     1.036053e-08     -5.17932e-09     -1.8969e-12      
6w     0.53     0.0     -0.53     0.0     0.0     -5.518e-09       1.103828e-08     -5.518e-09       -2.26938e-12     
6w     0.54     0.0     -0.54     0.0     0.0     -5.87042e-09     1.174355e-08     -5.87042e-09     -2.714e-12       
6w     0.55     0.0     -0.55     0.0     0.0     -6.23688e-09     1.247701e-08     -6.23688e-09     -3.24455e-12     
6w     0.56     0.0     -0.56     0.0     0.0     -6.61774e-09     1.323935e-08     -6.61774e-09     -3.87741e-12     
6w     0.57     0.0     -0.57     0.0     0.0     -7.01333e-09     1.403129e-08     -7.01333e-09     -4.63204e-12     
6w     0.58     0.0     -0.58     0.0     0.0     -7.42401e-09     1.485356e-08     -7.42401e-09     -5.5316e-12      
6w     0.59     0.0     -0.59     0.0     0.0     -7.85014e-09     1.570689e-08     -7.85014e-09     -6.60358e-12     
6w     0.6      0.0     -0.6      0.0     0.0     -8.29209e-09     1.659206e-08     -8.29209e-09     -7.88064e-12     
6w     0.61     0.0     -0.61     0.0     0.0     -8.75023e-09     1.750985e-08     -8.75023e-09     -9.4016e-12      
6w     0.62     0.0     -0.62     0.0     0.0     -9.22493e-09     1.846108e-08     -9.22493e-09     -1.12125e-11     
6w     0.63     0.0     -0.63     0.0     0.0     -9.7166e-09      1.944656e-08     -9.7166e-09      -1.33682e-11     
6w     0.64     0.0     -0.64     0.0     0.0     -1.02256e-08     2.046717e-08     -1.02256e-08     -1.59334e-11     
6w     0.65     0.0     -0.65     0.0     0.0     -1.07524e-08     2.152379e-08     -1.07524e-08     -1.89854e-11     
6w     0.66     0.0     -0.66     0.0     0.0     -1.12974e-08     2.261733e-08     -1.12974e-08     -2.26155e-11     
6w     0.67     0.0     -0.67     0.0     0.0     -1.18609e-08     2.374873e-08     -1.18609e-08     -2.69324e-11     
6w     0.68     0.0     -0.68     0.0     0.0     -1.24435e-08     2.4919e-08       -1.24435e-08     -3.20646e-11     
6w     0.69     0.0     -0.69     0.0     0.0     -1.30455e-08     2.612915e-08     -1.30455e-08     -3.81648e-11     
6w     0.7      0.0     -0.7      0.0     0.0     -1.36674e-08     2.738025e-08     -1.36674e-08     -4.5414e-11      
6w     0.71     0.0     -0.71     0.0     0.0     -1.43097e-08     2.867343e-08     -1.43097e-08     -5.40266e-11     
6w     0.72     0.0     -0.72     0.0     0.0     -1.49728e-08     3.000986e-08     -1.49728e-08     -6.42566e-11     
6w     0.73     0.0     -0.73     0.0     0.0     -1.56572e-08     3.139079e-08     -1.56572e-08     -7.64052e-11     
6w     0.74     0.0     -0.74     0.0     0.0     -1.63633e-08     3.281752e-08     -1.63633e-08     -9.08288e-11     
6w     0.75     0.0     -0.75     0.0     0.0     -1.70918e-08     3.429147e-08     -1.70918e-08     -1.0795e-10      
6w     0.76     0.0     -0.76     0.0     0.0     -1.78429e-08     3.581412e-08     -1.78429e-08     -1.28267e-10     
6w     0.77     0.0     -0.77     0.0     0.0     -1.86174e-08     3.738708e-08     -1.86174e-08     -1.52373e-10     
6w     0.78     0.0     -0.78     0.0     0.0     -1.94156e-08     3.901208e-08     -1.94156e-08     -1.80965e-10     
6w     0.79     0.0     -0.79     0.0     0.0     -2.02381e-08     4.0691e-08       -2.02381e-08     -2.1487e-10      
6w     0.8      0.0     -0.8      0.0     0.0     -2.10854e-08     4.242589e-08     -2.10854e-08     -2.55065e-10     
6w     0.81     0.0     -0.81     0.0     0.0     -2.19581e-08     4.4219e-08       -2.19581e-08     -3.02703e-10     
6w     0.82     0.0     -0.82     0.0     0.0     -2.28568e-08     4.607279e-08     -2.28568e-08     -3.59145e-10     
6w     0.83     0.0     -0.83     0.0     0.0     -2.3782e-08      4.799e-08        -2.3782e-08      -4.25998e-10     
6w     0.84     0.0     -0.84     0.0     0.0     -2.47343e-08     4.997368e-08     -2.47343e-08     -5.05153e-10     
6w     0.85     0.0     -0.85     0.0     0.0     -2.57142e-08     5.202724e-08     -2.57142e-08     -5.98841e-10     
6w     0.86     0.0     -0.86     0.0     0.0     -2.67224e-08     5.415449e-08     -2.67224e-08     -7.09686e-10     
6w     0.87     0.0     -0.87     0.0     0.0     -2.77595e-08     5.635974e-08     -2.77595e-08     -8.40773e-10     
6w     0.88     0.0     -0.88     0.0     0.0     -2.88261e-08     5.864785e-08     -2.88261e-08     -9.95727e-10     
6w     0.89     0.0     -0.89     0.0     0.0     -2.99228e-08     6.102433e-08     -2.99228e-08     -1.1788e-09      
6w     0.9      0.0     -0.9      0.0     0.0     -3.10502e-08     6.349545e-08     -3.10502e-08     -1.39497e-09     
8w     0.01     0.0     -0.01     0.0     0.0     -1.08426e-11     2.168565e-11     -1.08426e-11     -3.98702e-16     
8w     0.02     0.0     -0.02     0.0     0.0     -2.00352e-11     4.007129e-11     -2.00352e-11     -8.11835e-16     
8w     0.03     0.0     -0.03     0.0     0.0     -2.7629e-11      5.525921e-11     -2.7629e-11      -1.23935e-15     
8w     0.04     0.0     -0.04     0.0     0.0     -3.36746e-11     6.735081e-11     -3.36746e-11     -1.68192e-15     
8w     0.05     0.0     -0.05     0.0     0.0     -3.82225e-11     7.644711e-11     -3.82225e-11     -2.1404e-15      
8w     0.06     0.0     -0.06     0.0     0.0     -4.13237e-11     8.264997e-11     -4.13237e-11     -2.61588e-15     
8w     0.07     0.0     -0.07     0.0     0.0     -4.30302e-11     8.606349e-11     -4.30302e-11     -3.10981e-15     
8w     0.08     0.0     -0.08     0.0     0.0     -4.33966e-11     8.679679e-11     -4.33966e-11     -3.6241e-15      
8w     0.09     0.0     -0.09     0.0     0.0     -4.2482e-11      8.496817e-11     -4.2482e-11      -4.16124e-15     
8w     0.1      0.0     -0.1      0.0     0.0     -4.03537e-11     8.071216e-11     -4.03537e-11     -4.7245e-15      
8w     0.11     0.0     -0.11     0.0     0.0     -3.70936e-11     7.419249e-11     -3.70936e-11     -5.31813e-15     
8w     0.12     0.0     -0.12     0.0     0.0     -3.28108e-11     6.56275e-11      -3.28108e-11     -5.94762e-15     
8w     0.13     0.0     -0.13     0.0     0.0     -2.7671e-11      5.534873e-11     -2.7671e-11      -6.62003e-15     
8w     0.14     0.0     -0.14     0.0     0.0     -2.19824e-11     4.397216e-11     -2.19824e-11     -7.3443e-15      
8w     0.15     0.0     -0.15     0.0     0.0     -1.65518e-11     3.311179e-11     -1.65518e-11     -8.13173e-15     
8w     0.16     0.0     -0.16     0.0     0.0     -1.44792e-11     2.896727e-11     -1.44792e-11     -8.99647e-15     
8w     0.17     0.0     -0.17     0.0     0.0     -2.14896e-11     4.298922e-11     -2.14896e-11     -9.95607e-15     
8w     0.18     0.0     -0.18     0.0     0.0     -3.54365e-11     7.088397e-11     -3.54365e-11     -1.10322e-14     
8w     0.19     0.0     -0.19     0.0     0.0     -5.3976e-11      1.079642e-10     -5.3976e-11      -1.22516e-14     
8w     0.2      0.0     -0.2      0.0     0.0     -7.72932e-11     1.546002e-10     -7.72932e-11     -1.36467e-14     
8w     0.21     0.0     -0.21     0.0     0.0     -1.06371e-10     2.12757e-10      -1.06371e-10     -1.52574e-14     
8w     0.22     0.0     -0.22     0.0     0.0     -1.42567e-10     2.851521e-10     -1.42567e-10     -1.71319e-14     
8w     0.23     0.0     -0.23     0.0     0.0     -1.87436e-10     3.748913e-10     -1.87436e-10     -1.9329e-14      
8w     0.24     0.0     -0.24     0.0     0.0     -2.42524e-10     4.850694e-10     -2.42524e-10     -2.19199e-14     
8w     0.25     0.0     -0.25     0.0     0.0     -3.09149e-10     6.183223e-10     -3.09149e-10     -2.49907e-14     
8w     0.26     0.0     -0.26     0.0     0.0     -3.88223e-10     7.764753e-10     -3.88223e-10     -2.86457e-14     
8w     0.27     0.0     -0.27     0.0     0.0     -4.80196e-10     9.604245e-10     -4.80196e-10     -3.30111e-14     
8w     0.28     0.0     -0.28     0.0     0.0     -5.85121e-10     1.17028e-09      -5.85121e-10     -3.82389e-14     
8w     0.29     0.0     -0.29     0.0     0.0     -7.02806e-10     1.405656e-09     -7.02806e-10     -4.45126e-14     
8w     0.3      0.0     -0.3      0.0     0.0     -8.32963e-10     1.665978e-09     -8.32963e-10     -5.20534e-14     
8w     0.31     0.0     -0.31     0.0     0.0     -9.75322e-10     1.950705e-09     -9.75322e-10     -6.11271e-14     
8w     0.32     0.0     -0.32     0.0     0.0     -1.12969e-09     2.259454e-09     -1.12969e-09     -7.20534e-14     
8w     0.33     0.0     -0.33     0.0     0.0     -1.29598e-09     2.592041e-09     -1.29598e-09     -8.52161e-14     
8w     0.34     0.0     -0.34     0.0     0.0     -1.47419e-09     2.948476e-09     -1.47419e-09     -1.01076e-13     
8w     0.35     0.0     -0.35     0.0     0.0     -1.66441e-09     3.328936e-09     -1.66441e-09     -1.20184e-13     
8w     0.36     0.0     -0.36     0.0     0.0     -1.8668e-09      3.733733e-09     -1.8668e-09      -1.432e-13       
8w     0.37     0.0     -0.37     0.0     0.0     -2.08156e-09     4.163285e-09     -2.08156e-09     -1.70916e-13     
8w     0.38     0.0     -0.38     0.0     0.0     -2.30894e-09     4.618085e-09     -2.30894e-09     -2.04276e-13     
8w     0.39     0.0     -0.39     0.0     0.0     -2.54922e-09     5.098691e-09     -2.54922e-09     -2.44409e-13     
8w     0.4      0.0     -0.4      0.0     0.0     -2.8027e-09      5.605703e-09     -2.8027e-09      -2.92664e-13     
8w     0.41     0.0     -0.41     0.0     0.0     -3.0697e-09      6.139756e-09     -3.0697e-09      -3.50651e-13     
8w     0.42     0.0     -0.42     0.0     0.0     -3.35055e-09     6.701515e-09     -3.35055e-09     -4.20291e-13     
8w     0.43     0.0     -0.43     0.0     0.0     -3.64558e-09     7.291669e-09     -3.64558e-09     -5.03876e-13     
8w     0.44     0.0     -0.44     0.0     0.0     -3.95516e-09     7.910926e-09     -3.95516e-09     -6.04139e-13     
8w     0.45     0.0     -0.45     0.0     0.0     -4.27965e-09     8.560015e-09     -4.27965e-09     -7.24338e-13     
8w     0.46     0.0     -0.46     0.0     0.0     -4.61941e-09     9.239681e-09     -4.61941e-09     -8.68357e-13     
8w     0.47     0.0     -0.47     0.0     0.0     -4.97482e-09     9.950688e-09     -4.97482e-09     -1.04082e-12     
8w     0.48     0.0     -0.48     0.0     0.0     -5.34628e-09     1.069382e-08     -5.34628e-09     -1.24724e-12     
8w     0.49     0.0     -0.49     0.0     0.0     -5.73419e-09     1.146987e-08     -5.73419e-09     -1.49418e-12     
8w     0.5      0.0     -0.5      0.0     0.0     -6.13893e-09     1.227965e-08     -6.13893e-09     -1.78945e-12     
8w     0.51     0.0     -0.51     0.0     0.0     -6.56093e-09     1.312401e-08     -6.56093e-09     -2.14235e-12     
8w     0.52     0.0     -0.52     0.0     0.0     -7.00061e-09     1.400379e-08     -7.00061e-09     -2.56395e-12     
8w     0.53     0.0     -0.53     0.0     0.0     -7.4584e-09      1.491987e-08     -7.4584e-09      -3.0674e-12      
8w     0.54     0.0     -0.54     0.0     0.0     -7.93474e-09     1.587314e-08     -7.93474e-09     -3.66837e-12     
8w     0.55     0.0     -0.55     0.0     0.0     -8.43007e-09     1.686452e-08     -8.43007e-09     -4.38549e-12     
8w     0.56     0.0     -0.56     0.0     0.0     -8.94485e-09     1.789495e-08     -8.94485e-09     -5.24089e-12     
8w     0.57     0.0     -0.57     0.0     0.0     -9.47956e-09     1.896537e-08     -9.47956e-09     -6.26089e-12     
8w     0.58     0.0     -0.58     0.0     0.0     -1.00347e-08     2.007679e-08     -1.00347e-08     -7.47678e-12     
8w     0.59     0.0     -0.59     0.0     0.0     -1.06106e-08     2.123019e-08     -1.06106e-08     -8.92571e-12     
8w     0.6      0.0     -0.6      0.0     0.0     -1.1208e-08      2.242663e-08     -1.1208e-08      -1.06519e-11     
8w     0.61     0.0     -0.61     0.0     0.0     -1.18272e-08     2.366717e-08     -1.18272e-08     -1.27077e-11     
8w     0.62     0.0     -0.62     0.0     0.0     -1.24689e-08     2.495288e-08     -1.24689e-08     -1.51554e-11     
8w     0.63     0.0     -0.63     0.0     0.0     -1.31334e-08     2.628492e-08     -1.31334e-08     -1.80691e-11     
8w     0.64     0.0     -0.64     0.0     0.0     -1.38214e-08     2.766442e-08     -1.38214e-08     -2.15364e-11     
8w     0.65     0.0     -0.65     0.0     0.0     -1.45335e-08     2.909259e-08     -1.45335e-08     -2.56616e-11     
8w     0.66     0.0     -0.66     0.0     0.0     -1.52701e-08     3.057067e-08     -1.52701e-08     -3.05683e-11     
8w     0.67     0.0     -0.67     0.0     0.0     -1.60318e-08     3.209994e-08     -1.60318e-08     -3.64031e-11     
8w     0.68     0.0     -0.68     0.0     0.0     -1.68192e-08     3.368173e-08     -1.68192e-08     -4.33401e-11     
8w     0.69     0.0     -0.69     0.0     0.0     -1.76329e-08     3.531742e-08     -1.76329e-08     -5.15854e-11     
8w     0.7      0.0     -0.7      0.0     0.0     -1.84735e-08     3.700848e-08     -1.84735e-08     -6.13838e-11     
8w     0.71     0.0     -0.71     0.0     0.0     -1.93417e-08     3.87564e-08      -1.93417e-08     -7.30249e-11     
8w     0.72     0.0     -0.72     0.0     0.0     -2.0238e-08      4.056278e-08     -2.0238e-08      -8.68523e-11     
8w     0.73     0.0     -0.73     0.0     0.0     -2.1163e-08      4.242931e-08     -2.1163e-08      -1.03273e-10     
8w     0.74     0.0     -0.74     0.0     0.0     -2.21175e-08     4.435775e-08     -2.21175e-08     -1.22769e-10     
8w     0.75     0.0     -0.75     0.0     0.0     -2.3102e-08      4.635001e-08     -2.3102e-08      -1.4591e-10      
8w     0.76     0.0     -0.76     0.0     0.0     -2.41174e-08     4.840809e-08     -2.41174e-08     -1.73372e-10     
8w     0.77     0.0     -0.77     0.0     0.0     -2.51641e-08     5.053418e-08     -2.51641e-08     -2.05954e-10     
8w     0.78     0.0     -0.78     0.0     0.0     -2.6243e-08      5.273061e-08     -2.6243e-08      -2.44601e-10     
8w     0.79     0.0     -0.79     0.0     0.0     -2.73547e-08     5.499992e-08     -2.73547e-08     -2.90429e-10     
8w     0.8      0.0     -0.8      0.0     0.0     -2.85001e-08     5.734489e-08     -2.85001e-08     -3.44758e-10     
8w     0.81     0.0     -0.81     0.0     0.0     -2.96797e-08     5.976853e-08     -2.96797e-08     -4.09148e-10     
8w     0.82     0.0     -0.82     0.0     0.0     -3.08944e-08     6.22742e-08      -3.08944e-08     -4.85438e-10     
8w     0.83     0.0     -0.83     0.0     0.0     -3.21449e-08     6.48656e-08      -3.21449e-08     -5.75799e-10     
8w     0.84     0.0     -0.84     0.0     0.0     -3.3432e-08      6.754684e-08     -3.3432e-08      -6.82789e-10     
8w     0.85     0.0     -0.85     0.0     0.0     -3.47566e-08     7.032253e-08     -3.47566e-08     -8.09422e-10     
8w     0.86     0.0     -0.86     0.0     0.0     -3.61193e-08     7.319782e-08     -3.61193e-08     -9.59245e-10     
8w     0.87     0.0     -0.87     0.0     0.0     -3.75211e-08     7.617854e-08     -3.75211e-08     -1.13643e-09     
8w     0.88     0.0     -0.88     0.0     0.0     -3.89627e-08     7.927126e-08     -3.89627e-08     -1.34587e-09     
8w     0.89     0.0     -0.89     0.0     0.0     -4.04451e-08     8.248343e-08     -4.04451e-08     -1.59332e-09     
8w     0.9      0.0     -0.9      0.0     0.0     -4.1969e-08      8.582351e-08     -4.1969e-08      -1.88551e-09     
