 2.50000000e+01 3.20000000e-08 2.50000000e+01 9.00000000e-01 2.50000000e+01 0.00000000e+00 2.50000000e+01 0.00000000e+00 2.50000000e+01 6.31317257e-01 
 2.50000000e+01 3.20000000e-08 2.50000000e+01 9.00000000e-01 2.50000000e+01 0.00000000e+00 2.50000000e+01 9.00000000e-01 2.50000000e+01 8.99733372e-01 
 2.50000000e+01 3.20000000e-08 2.50000000e+01 9.00000000e-01 2.50000000e+01 9.00000000e-01 2.50000000e+01 0.00000000e+00 2.50000000e+01 1.36636860e-01 
 2.50000000e+01 3.20000000e-08 2.50000000e+01 9.00000000e-01 2.50000000e+01 9.00000000e-01 2.50000000e+01 9.00000000e-01 2.50000000e+01 8.29028144e-01 
 2.50000000e+01 6.40000000e-08 2.50000000e+01 9.00000000e-01 2.50000000e+01 0.00000000e+00 2.50000000e+01 0.00000000e+00 2.50000000e+01 6.31317257e-01 
 2.50000000e+01 6.40000000e-08 2.50000000e+01 9.00000000e-01 2.50000000e+01 0.00000000e+00 2.50000000e+01 9.00000000e-01 2.50000000e+01 8.99733372e-01 
 2.50000000e+01 6.40000000e-08 2.50000000e+01 9.00000000e-01 2.50000000e+01 9.00000000e-01 2.50000000e+01 0.00000000e+00 2.50000000e+01 1.36636860e-01 
 2.50000000e+01 6.40000000e-08 2.50000000e+01 9.00000000e-01 2.50000000e+01 9.00000000e-01 2.50000000e+01 9.00000000e-01 2.50000000e+01 8.29028144e-01 
 2.50000000e+01 9.60000000e-08 2.50000000e+01 9.00000000e-01 2.50000000e+01 0.00000000e+00 2.50000000e+01 0.00000000e+00 2.50000000e+01 6.31317258e-01 
 2.50000000e+01 9.60000000e-08 2.50000000e+01 9.00000000e-01 2.50000000e+01 0.00000000e+00 2.50000000e+01 9.00000000e-01 2.50000000e+01 8.99733372e-01 
 2.50000000e+01 9.60000000e-08 2.50000000e+01 9.00000000e-01 2.50000000e+01 9.00000000e-01 2.50000000e+01 0.00000000e+00 2.50000000e+01 1.36636860e-01 
 2.50000000e+01 9.60000000e-08 2.50000000e+01 9.00000000e-01 2.50000000e+01 9.00000000e-01 2.50000000e+01 9.00000000e-01 2.50000000e+01 8.29028143e-01 
 2.50000000e+01 1.28000000e-07 2.50000000e+01 9.00000000e-01 2.50000000e+01 0.00000000e+00 2.50000000e+01 0.00000000e+00 2.50000000e+01 6.31317258e-01 
 2.50000000e+01 1.28000000e-07 2.50000000e+01 9.00000000e-01 2.50000000e+01 0.00000000e+00 2.50000000e+01 9.00000000e-01 2.50000000e+01 8.99733372e-01 
 2.50000000e+01 1.28000000e-07 2.50000000e+01 9.00000000e-01 2.50000000e+01 9.00000000e-01 2.50000000e+01 0.00000000e+00 2.50000000e+01 1.36636861e-01 
 2.50000000e+01 1.28000000e-07 2.50000000e+01 9.00000000e-01 2.50000000e+01 9.00000000e-01 2.50000000e+01 9.00000000e-01 2.50000000e+01 8.29028143e-01 
 2.50000000e+01 1.92000000e-07 2.50000000e+01 9.00000000e-01 2.50000000e+01 0.00000000e+00 2.50000000e+01 0.00000000e+00 2.50000000e+01 6.31317259e-01 
 2.50000000e+01 1.92000000e-07 2.50000000e+01 9.00000000e-01 2.50000000e+01 0.00000000e+00 2.50000000e+01 9.00000000e-01 2.50000000e+01 8.99733372e-01 
 2.50000000e+01 1.92000000e-07 2.50000000e+01 9.00000000e-01 2.50000000e+01 9.00000000e-01 2.50000000e+01 0.00000000e+00 2.50000000e+01 1.36636862e-01 
 2.50000000e+01 1.92000000e-07 2.50000000e+01 9.00000000e-01 2.50000000e+01 9.00000000e-01 2.50000000e+01 9.00000000e-01 2.50000000e+01 8.29028141e-01 
 2.50000000e+01 2.56000000e-07 2.50000000e+01 9.00000000e-01 2.50000000e+01 0.00000000e+00 2.50000000e+01 0.00000000e+00 2.50000000e+01 6.31317261e-01 
 2.50000000e+01 2.56000000e-07 2.50000000e+01 9.00000000e-01 2.50000000e+01 0.00000000e+00 2.50000000e+01 9.00000000e-01 2.50000000e+01 8.99733372e-01 
 2.50000000e+01 2.56000000e-07 2.50000000e+01 9.00000000e-01 2.50000000e+01 9.00000000e-01 2.50000000e+01 0.00000000e+00 2.50000000e+01 1.36636863e-01 
 2.50000000e+01 2.56000000e-07 2.50000000e+01 9.00000000e-01 2.50000000e+01 9.00000000e-01 2.50000000e+01 9.00000000e-01 2.50000000e+01 8.29028138e-01 
